1.000000 2.538542 2.452864 0.049609 0.027942
1.000000 2.534054 2.448238 0.052063 0.028417
1.000000 2.534353 2.452562 0.045832 0.031925
1.000000 2.533405 2.451669 0.044433 0.024030
1.000000 2.531762 2.452549 0.044291 0.028527
1.000000 2.531315 2.451254 0.044741 0.025772
1.000000 2.530981 2.450378 0.043569 0.025239
1.000000 2.531213 2.451266 0.043005 0.025310
1.000000 2.530854 2.453664 0.041583 0.019785
1.000000 2.528426 2.453034 0.040021 0.021352
1.000000 2.523588 2.450064 0.037182 0.022392
1.000000 2.523305 2.447089 0.037289 0.016351
1.000000 2.524115 2.449013 0.037419 0.016434
1.000000 2.521920 2.447199 0.037397 0.019579
1.000000 2.521877 2.445839 0.038971 0.019037
1.000000 2.521565 2.445436 0.039495 0.010076
1.000000 2.520744 2.444058 0.039662 0.024830
1.000000 2.519459 2.445261 0.039911 0.014125
1.000000 2.517614 2.443874 0.038546 0.013347
1.000000 2.517282 2.443013 0.036847 0.015673
1.000000 2.516642 2.443367 0.036675 0.024019
1.000000 2.516482 2.443637 0.036567 0.021678
1.000000 2.515024 2.445116 0.033585 0.016700
1.000000 2.515793 2.444078 0.033784 0.024496
1.000000 2.512662 2.442668 0.035711 0.008660
1.000000 2.508581 2.439576 0.035100 0.009677
1.000000 2.506833 2.435095 0.035584 0.012748
1.000000 2.507466 2.435450 0.034907 0.019662
1.000000 2.509920 2.437710 0.033330 0.020424
1.000000 2.509696 2.435191 0.037307 0.019615
1.000000 2.513136 2.439785 0.035519 0.017312
1.000000 2.511275 2.439286 0.035954 0.016905
1.000000 2.511343 2.440781 0.033724 0.017194
1.000000 2.512169 2.438956 0.032867 0.015252
1.000000 2.511479 2.438108 0.037023 0.018259
1.000000 2.512705 2.440054 0.035603 0.020071
1.000000 2.512326 2.439683 0.035988 0.013381
1.000000 2.512843 2.443147 0.034534 0.010357
1.000000 2.513901 2.444123 0.031232 0.013218
1.000000 2.512747 2.443387 0.032172 0.014326
1.000000 2.513191 2.440841 0.033840 0.012659
1.000000 2.512031 2.440108 0.036172 0.010771
1.000000 2.511860 2.439262 0.036121 0.011432
1.000000 2.510912 2.437957 0.036256 0.015027
1.000000 2.510970 2.437713 0.035508 0.019689
1.000000 2.507685 2.436987 0.035685 0.015964
1.000000 2.508855 2.439497 0.032187 0.016476
1.000000 2.510679 2.440061 0.033115 0.011739
1.000000 2.505874 2.438057 0.034021 0.011118
1.000000 2.504234 2.433299 0.033671 0.011874
1.000000 2.504649 2.434840 0.033850 0.020982
1.000000 2.505268 2.431803 0.034978 0.005539
1.000000 2.506038 2.433022 0.036602 0.009681
1.000000 2.502845 2.433242 0.035023 0.011272
1.000000 2.501511 2.433700 0.032130 0.021568
1.000000 2.500737 2.432770 0.032161 0.019791
1.000000 2.500704 2.432908 0.030955 0.014039
1.000000 2.499395 2.431511 0.032063 0.006876
1.000000 2.500587 2.431595 0.030407 0.010127
1.000000 2.501428 2.428563 0.034001 0.019572
1.000000 2.501052 2.429257 0.034095 0.025135
1.000000 2.493871 2.425696 0.035499 0.008564
1.000000 2.497728 2.428282 0.029711 0.009992
1.000000 2.497735 2.428520 0.035427 0.007854
1.000000 2.498285 2.431176 0.029541 0.001060
1.000000 2.494451 2.429203 0.030440 0.008614
1.000000 2.495913 2.427709 0.030621 0.011363
1.000000 2.497098 2.425906 0.031398 0.010311
1.000000 2.495846 2.422195 0.037115 0.017055
1.000000 2.495662 2.421847 0.034324 0.025898
1.000000 2.493576 2.418997 0.038547 0.015173
1.000000 2.494282 2.420993 0.036421 0.024919
1.000000 2.494307 2.422678 0.036465 0.010312
1.000000 2.492008 2.421013 0.035277 0.016097
1.000000 2.491848 2.424767 0.031707 0.017922
1.000000 2.491634 2.425252 0.029748 0.019797
1.000000 2.493679 2.426028 0.028356 0.008818
1.000000 2.493625 2.425697 0.033052 0.009282
1.000000 2.493679 2.428194 0.027512 0.009396
1.000000 2.493806 2.427519 0.029161 0.004987
1.000000 2.494718 2.427398 0.030771 0.007521
1.000000 2.494453 2.426692 0.031105 0.013587
1.000000 2.496431 2.426425 0.031145 0.011164
1.000000 2.497387 2.425503 0.034058 0.016813
1.000000 2.497555 2.427787 0.033678 0.017050
1.000000 2.498200 2.427537 0.033986 0.013124
1.000000 2.492440 2.422185 0.035731 0.023616
1.000000 2.492091 2.420016 0.034989 0.019813
1.000000 2.492155 2.419255 0.035817 0.012962
1.000000 2.493253 2.419087 0.035297 0.017420
1.000000 2.493203 2.417271 0.037504 0.019573
1.000000 2.491773 2.419344 0.038205 0.018978
1.000000 2.489526 2.419342 0.033308 0.020174
1.000000 2.487534 2.417952 0.033980 0.016590
1.000000 2.491483 2.421297 0.031009 0.015332
1.000000 2.492675 2.419330 0.035333 0.015137
1.000000 2.492207 2.419057 0.036720 0.015055
1.000000 2.491629 2.420426 0.035403 0.016526
1.000000 2.493134 2.419775 0.036130 0.017489
1.000000 2.493157 2.418920 0.036552 0.024773
1.000000 2.491052 2.418487 0.037126 0.012085
1.000000 2.490612 2.417267 0.036530 0.017849
1.000000 2.489093 2.417177 0.035309 0.012884
1.000000 2.489466 2.416988 0.035844 0.019877
1.000000 2.489996 2.420749 0.034872 0.013580
1.000000 2.490973 2.420440 0.032990 0.018598
1.000000 2.492188 2.419564 0.034243 0.018152
1.000000 2.494610 2.417873 0.036927 0.013364
1.000000 2.497285 2.416652 0.043856 0.025254
1.000000 2.496788 2.418015 0.043299 0.018846
1.000000 2.497130 2.418682 0.040498 0.023366
1.000000 2.494512 2.416601 0.040340 0.024569
1.000000 2.494735 2.418928 0.039016 0.020143
1.000000 2.494788 2.417557 0.039561 0.019346
1.000000 2.492182 2.414293 0.041133 0.020000
1.000000 2.491098 2.414230 0.039202 0.020120
1.000000 2.494147 2.415339 0.039892 0.021888
1.000000 2.493491 2.415602 0.038993 0.015463
1.000000 2.491718 2.414068 0.039751 0.025215
1.000000 2.490857 2.412736 0.039858 0.023987
1.000000 2.492588 2.411838 0.040539 0.020456
1.000000 2.491401 2.412226 0.043658 0.019362
1.000000 2.493128 2.411680 0.043751 0.019768
1.000000 2.493983 2.411716 0.046497 0.041611
1.000000 2.492968 2.410260 0.046281 0.040102
1.000000 2.488703 2.410613 0.044435 0.014951
1.000000 2.487461 2.407667 0.042882 0.031593
1.000000 2.487933 2.410012 0.041444 0.016437
1.000000 2.488841 2.408529 0.042479 0.023404
1.000000 2.488796 2.408337 0.044467 0.019956
1.000000 2.489995 2.405418 0.045797 0.021827
1.000000 2.489320 2.406628 0.046543 0.025693
1.000000 2.490657 2.406254 0.044593 0.024883
1.000000 2.486547 2.407832 0.045437 0.028004
1.000000 2.485106 2.407056 0.041127 0.027137
1.000000 2.484223 2.405802 0.041509 0.023138
1.000000 2.482234 2.404400 0.041740 0.022151
1.000000 2.482489 2.406267 0.040290 0.019866
1.000000 2.483789 2.405877 0.039422 0.031178
1.000000 2.486960 2.410982 0.038310 0.014296
1.000000 2.488122 2.411114 0.038831 0.021236
1.000000 2.487734 2.412620 0.038918 0.023091
1.000000 2.485388 2.410242 0.038052 0.019558
1.000000 2.484754 2.411420 0.038719 0.017438
1.000000 2.484602 2.408468 0.037908 0.020920
1.000000 2.484113 2.405785 0.040659 0.015813
1.000000 2.482882 2.405912 0.038032 0.016430
1.000000 2.481454 2.406022 0.038757 0.017082
1.000000 2.478550 2.404169 0.038634 0.024065
1.000000 2.479487 2.403215 0.038658 0.025724
1.000000 2.478916 2.404238 0.038374 0.026052
1.000000 2.477529 2.403676 0.037323 0.018257
1.000000 2.475218 2.402998 0.037263 0.016625
1.000000 2.474627 2.403599 0.035408 0.014000
1.000000 2.474863 2.402669 0.034701 0.017931
1.000000 2.474251 2.402129 0.035854 0.020553
1.000000 2.477027 2.404753 0.034044 0.016899
1.000000 2.476778 2.406554 0.033837 0.013330
1.000000 2.475170 2.407058 0.032367 0.012095
1.000000 2.474830 2.406570 0.031208 0.012792
1.000000 2.476859 2.407920 0.031810 0.012014
1.000000 2.478803 2.408537 0.032570 0.012794
1.000000 2.480676 2.409878 0.032835 0.013147
1.000000 2.480567 2.407879 0.034014 0.012160
1.000000 2.478567 2.405309 0.036662 0.012361
1.000000 2.477366 2.405578 0.036162 0.016024
1.000000 2.476960 2.405486 0.034478 0.016250
1.000000 2.477708 2.407409 0.034490 0.019057
1.000000 2.484421 2.407031 0.035967 0.020768
1.000000 2.488643 2.413686 0.037055 0.024953
1.000000 2.488746 2.413020 0.038535 0.015029
1.000000 2.489127 2.414641 0.038035 0.017775
1.000000 2.489213 2.415883 0.036075 0.016672
1.000000 2.487959 2.416952 0.035502 0.023425
1.000000 2.486075 2.416203 0.033350 0.018062
1.000000 2.487263 2.419455 0.031399 0.015387
1.000000 2.486569 2.419215 0.030741 0.017763
1.000000 2.487005 2.418386 0.030176 0.005046
1.000000 2.489981 2.417936 0.034522 0.015887
1.000000 2.487074 2.417558 0.033408 0.011896
1.000000 2.483825 2.416044 0.033213 0.012854
1.000000 2.485968 2.415142 0.030935 0.015100
1.000000 2.484256 2.415218 0.033260 0.014222
1.000000 2.484990 2.416156 0.030516 0.018829
1.000000 2.485171 2.416762 0.030689 0.009532
1.000000 2.484553 2.417722 0.030699 0.014136
1.000000 2.479315 2.414958 0.029871 0.011438
1.000000 2.482078 2.417110 0.026824 0.011680
1.000000 2.481605 2.416359 0.027919 0.002464
1.000000 2.482595 2.413773 0.029468 0.008949
1.000000 2.481686 2.410678 0.033531 0.008046
1.000000 2.481095 2.410033 0.033737 0.015127
1.000000 2.486298 2.414357 0.032029 0.013629
1.000000 2.483878 2.414517 0.033376 0.014412
1.000000 2.485706 2.414905 0.031396 0.018996
1.000000 2.482308 2.409477 0.036589 0.018638
1.000000 2.485129 2.412256 0.033728 0.018737
1.000000 2.484939 2.410193 0.036170 0.015914
1.000000 2.486243 2.412908 0.036035 0.018949
1.000000 2.488505 2.415394 0.035759 0.014589
1.000000 2.487858 2.416143 0.033853 0.021062
1.000000 2.486979 2.418685 0.033420 0.013955
1.000000 2.482525 2.418727 0.028902 0.011245
1.000000 2.482638 2.417898 0.026421 0.010838
1.000000 2.482655 2.417377 0.026179 0.007080
1.000000 2.482459 2.415175 0.030153 0.014032
1.000000 2.481143 2.415541 0.030654 0.019739
1.000000 2.481070 2.417023 0.027221 0.008028
1.000000 2.481382 2.417743 0.026963 0.008912
1.000000 2.480516 2.416859 0.027604 0.008708
1.000000 2.479893 2.416288 0.026923 0.005118
1.000000 2.479586 2.417702 0.025570 0.007360
1.000000 2.478932 2.416935 0.025051 0.005674
1.000000 2.474911 2.413149 0.026770 0.007301
1.000000 2.474817 2.412203 0.024099 0.007673
1.000000 2.473727 2.408772 0.027920 0.006387
1.000000 2.473408 2.408733 0.027831 0.013600
1.000000 2.469611 2.407482 0.027156 0.006470
1.000000 2.472248 2.410996 0.024000 0.005708
1.000000 2.472351 2.410149 0.023950 0.004083
1.000000 2.473952 2.412425 0.024307 0.004717
1.000000 2.473984 2.412074 0.023273 0.006761
1.000000 2.475775 2.412847 0.024859 0.007918
1.000000 2.472014 2.411253 0.025572 0.007115
1.000000 2.473708 2.408319 0.027502 0.006398
1.000000 2.471513 2.406630 0.029034 0.004662
1.000000 2.472653 2.406708 0.028802 0.015145
1.000000 2.475653 2.409877 0.027369 0.010444
1.000000 2.475334 2.408730 0.030335 0.009554
1.000000 2.471373 2.404916 0.030913 0.006985
1.000000 2.468191 2.403334 0.030619 0.008801
1.000000 2.470771 2.402474 0.029891 0.004739
1.000000 2.470561 2.399655 0.034016 0.012764
1.000000 2.466505 2.399250 0.032446 0.012849
1.000000 2.466461 2.398013 0.030143 0.014671
1.000000 2.467125 2.399712 0.030953 0.011550
1.000000 2.467482 2.399781 0.030461 0.015862
1.000000 2.466736 2.399335 0.030506 0.008695
1.000000 2.468851 2.398828 0.031149 0.008020
1.000000 2.468617 2.398246 0.034152 0.021546
1.000000 2.471322 2.398755 0.033799 0.013145
1.000000 2.469330 2.398724 0.034703 0.027868
1.000000 2.471343 2.402252 0.031128 0.011986
1.000000 2.471080 2.401814 0.031647 0.012276
1.000000 2.474574 2.402239 0.035181 0.020601
1.000000 2.474950 2.401774 0.036289 0.008636
1.000000 2.472764 2.397755 0.037380 0.029040
1.000000 2.473525 2.397773 0.038045 0.016040
1.000000 2.473323 2.396885 0.038848 0.015160
1.000000 2.472973 2.396472 0.039967 0.014835
1.000000 2.472410 2.395868 0.038862 0.024786
1.000000 2.472424 2.394203 0.040964 0.021397
1.000000 2.470888 2.394647 0.040675 0.014581
1.000000 2.469474 2.392854 0.040698 0.016332
1.000000 2.470883 2.392534 0.038971 0.025064
1.000000 2.469710 2.392282 0.039355 0.013585
1.000000 2.469004 2.392415 0.040647 0.022514
1.000000 2.468844 2.393995 0.039449 0.012609
1.000000 2.468982 2.395632 0.036914 0.015681
1.000000 2.464931 2.393233 0.035932 0.014197
1.000000 2.464763 2.393550 0.034550 0.011858
1.000000 2.465231 2.392142 0.034774 0.017477
1.000000 2.466211 2.390973 0.036828 0.016975
1.000000 2.466033 2.392907 0.036701 0.017028
1.000000 2.468927 2.396695 0.034477 0.008445
1.000000 2.469454 2.397875 0.034353 0.011393
1.000000 2.469828 2.397972 0.037146 0.018613
1.000000 2.466655 2.398232 0.034096 0.017278
1.000000 2.470756 2.402711 0.028794 0.008143
1.000000 2.472694 2.402941 0.031838 0.008278
1.000000 2.469677 2.403369 0.031845 0.006192
1.000000 2.467237 2.399537 0.031408 0.006465
1.000000 2.467229 2.399647 0.031291 0.007203
1.000000 2.469596 2.398491 0.032124 0.012085
1.000000 2.469214 2.397728 0.034436 0.014176
1.000000 2.467220 2.398091 0.033060 0.012859
1.000000 2.467308 2.397028 0.031578 0.011554
1.000000 2.466109 2.395424 0.033356 0.022100
1.000000 2.465893 2.396789 0.034165 0.019030
1.000000 2.463095 2.392915 0.033182 0.014916
1.000000 2.463191 2.394233 0.032686 0.023579
1.000000 2.464337 2.394838 0.033631 0.018788
1.000000 2.466338 2.396076 0.033452 0.012066
1.000000 2.469494 2.397071 0.033632 0.012898
1.000000 2.470581 2.397440 0.035529 0.013471
1.000000 2.467427 2.397743 0.034693 0.017458
1.000000 2.469306 2.400112 0.030629 0.013469
1.000000 2.468002 2.397065 0.033630 0.016307
1.000000 2.465667 2.397152 0.033267 0.010158
1.000000 2.466240 2.398116 0.031235 0.016058
1.000000 2.465460 2.396510 0.032682 0.015606
1.000000 2.465022 2.393855 0.032869 0.013733
1.000000 2.458670 2.387608 0.036210 0.017200
1.000000 2.462524 2.390778 0.031842 0.016455
1.000000 2.463042 2.391943 0.034350 0.014679
1.000000 2.458361 2.387137 0.036776 0.013171
1.000000 2.459522 2.387810 0.034273 0.010935
1.000000 2.457106 2.386786 0.034422 0.018563
1.000000 2.457687 2.386168 0.033812 0.018216
1.000000 2.455484 2.383596 0.035300 0.015423
1.000000 2.455029 2.381301 0.036199 0.013169
1.000000 2.455451 2.385599 0.034523 0.012332
1.000000 2.457155 2.386173 0.032156 0.009578
1.000000 2.456688 2.387706 0.033071 0.016740
1.000000 2.459776 2.393605 0.029150 0.008012
1.000000 2.458408 2.392757 0.028555 0.005618
1.000000 2.457708 2.390898 0.029148 0.013491
1.000000 2.451375 2.387886 0.029382 0.011039
1.000000 2.451836 2.389778 0.025972 0.013893
1.000000 2.456226 2.390341 0.026423 0.008971
1.000000 2.454318 2.389815 0.027268 0.010089
1.000000 2.453421 2.391930 0.026278 0.007705
1.000000 2.453417 2.391436 0.025663 0.007513
1.000000 2.453141 2.390067 0.025695 0.008454
1.000000 2.452956 2.390290 0.025933 0.008168
1.000000 2.454100 2.390064 0.026590 0.008264
1.000000 2.453398 2.389164 0.027147 0.006300
1.000000 2.452321 2.390102 0.025379 0.005925
1.000000 2.452132 2.388219 0.025381 0.007913
1.000000 2.450255 2.387691 0.027129 0.007834
1.000000 2.451732 2.384009 0.027079 0.005868
1.000000 2.450585 2.382594 0.032033 0.001759
1.000000 2.450194 2.382984 0.028143 0.003756
1.000000 2.447606 2.382184 0.028063 0.003806
1.000000 2.448558 2.382281 0.028236 0.003680
1.000000 2.448326 2.381969 0.030139 0.007626
1.000000 2.449146 2.385155 0.028910 0.013807
1.000000 2.448525 2.383973 0.027187 0.011135
1.000000 2.447361 2.383696 0.026380 0.008512
1.000000 2.447734 2.381608 0.027711 0.001111
1.000000 2.448495 2.386166 0.026144 0.001424
1.000000 2.452946 2.388562 0.025036 0.002230
1.000000 2.454350 2.391441 0.026291 0.003268
1.000000 2.457171 2.394465 0.024232 0.003391
1.000000 2.457812 2.397312 0.024130 0.007982
1.000000 2.456014 2.395763 0.023912 0.003436
1.000000 2.456819 2.395985 0.024313 0.009813
1.000000 2.458353 2.394685 0.024615 0.009451
1.000000 2.457648 2.393818 0.027656 0.010786
1.000000 2.456380 2.394433 0.026179 0.001616
1.000000 2.456451 2.395533 0.023854 0.001453
1.000000 2.457547 2.395877 0.022446 0.002973
1.000000 2.457660 2.394811 0.025391 0.003513
1.000000 2.457611 2.396057 0.025485 0.002109
1.000000 2.457943 2.393310 0.025536 0.003970
1.000000 2.458594 2.394944 0.028213 0.001298
1.000000 2.458191 2.394632 0.026335 0.017457
1.000000 2.456307 2.393753 0.026877 0.009425
1.000000 2.455297 2.390097 0.026095 0.009042
1.000000 2.457823 2.391903 0.029048 0.004803
1.000000 2.457515 2.393850 0.028062 0.005702
1.000000 2.456533 2.393512 0.025321 0.005569
1.000000 2.457036 2.393549 0.028442 0.012294
1.000000 2.453867 2.390862 0.026996 0.011273
1.000000 2.450348 2.390028 0.024990 0.010772
1.000000 2.445574 2.388439 0.022493 0.005884
1.000000 2.443992 2.389663 0.018404 0.006184
1.000000 2.443458 2.387712 0.017571 0.002733
1.000000 2.448524 2.393156 0.015806 0.001536
1.000000 2.448902 2.391474 0.019439 0.000311
1.000000 2.449297 2.394192 0.019371 0.000500
1.000000 2.449283 2.394920 0.018938 0.000404
1.000000 2.450955 2.396175 0.017976 0.009015
1.000000 2.453423 2.396084 0.017539 0.007451
1.000000 2.450721 2.398182 0.018060 0.005291
1.000000 2.452394 2.397022 0.018666 0.001470
1.000000 2.454805 2.397388 0.017745 0.007616
1.000000 2.456766 2.402078 0.017643 0.000572
1.000000 2.453914 2.400666 0.018296 0.000361
1.000000 2.455241 2.400380 0.015382 0.009856
1.000000 2.452978 2.398243 0.018509 0.000498
1.000000 2.452025 2.398312 0.017240 0.001031
1.000000 2.457385 2.401045 0.017114 0.000384
1.000000 2.458248 2.405140 0.016693 0.000055
1.000000 2.459768 2.405136 0.017044 0.009309
1.000000 2.459541 2.401444 0.018739 0.002387
1.000000 2.457324 2.400416 0.019723 0.009168
1.000000 2.455990 2.399794 0.019590 0.001312
1.000000 2.455560 2.399898 0.019075 0.006066
1.000000 2.454753 2.398412 0.019846 0.002058
1.000000 2.457144 2.398858 0.019383 0.000794
1.000000 2.455416 2.396874 0.021961 0.008667
1.000000 2.455191 2.394177 0.023289 0.005145
1.000000 2.458743 2.394583 0.024964 0.007898
1.000000 2.459325 2.393978 0.028236 0.003099
1.000000 2.458880 2.393974 0.027014 0.002125
1.000000 2.461908 2.394993 0.028119 0.010589
1.000000 2.464409 2.398010 0.028320 0.006969
1.000000 2.464772 2.397585 0.028259 0.014232
1.000000 2.464629 2.393048 0.031613 0.008763
1.000000 2.464916 2.390173 0.033825 0.021119
1.000000 2.464072 2.392081 0.033441 0.017284
1.000000 2.467078 2.392227 0.036479 0.017578
1.000000 2.464989 2.388387 0.039715 0.028299
1.000000 2.462001 2.385892 0.041018 0.016400
1.000000 2.462950 2.390156 0.038215 0.021649
1.000000 2.460042 2.390129 0.034141 0.015918
1.000000 2.461023 2.393736 0.032224 0.012660
1.000000 2.464106 2.398214 0.027400 0.005487
1.000000 2.464189 2.397913 0.029159 0.005874
1.000000 2.464786 2.396063 0.029877 0.009165
1.000000 2.464703 2.396829 0.030931 0.008300
1.000000 2.465448 2.397122 0.031831 0.011128
1.000000 2.466565 2.397905 0.030494 0.011972
1.000000 2.469155 2.397687 0.034064 0.017285
1.000000 2.472627 2.402511 0.031406 0.013311
1.000000 2.474166 2.398555 0.034703 0.012387
1.000000 2.470497 2.399441 0.035940 0.012912
1.000000 2.467583 2.399440 0.031735 0.019573
1.000000 2.464763 2.391360 0.035314 0.020380
1.000000 2.464241 2.390757 0.037156 0.016170
1.000000 2.462394 2.391302 0.036591 0.020670
1.000000 2.464232 2.397082 0.031017 0.016829
1.000000 2.465729 2.393844 0.032528 0.013830
1.000000 2.465700 2.397592 0.032289 0.021758
1.000000 2.464620 2.396555 0.031338 0.017853
1.000000 2.464048 2.395387 0.031343 0.010779
1.000000 2.465588 2.396151 0.031393 0.009758
1.000000 2.472198 2.400456 0.031088 0.008071
1.000000 2.470791 2.396674 0.036399 0.016231
1.000000 2.471313 2.395835 0.036705 0.018049
1.000000 2.473874 2.395638 0.040089 0.014924
1.000000 2.475056 2.396804 0.040501 0.029811
1.000000 2.475604 2.396811 0.041338 0.021381
1.000000 2.474931 2.397396 0.040528 0.023110
1.000000 2.475312 2.395649 0.041982 0.024518
1.000000 2.475712 2.395701 0.042469 0.018386
1.000000 2.479621 2.398248 0.042352 0.032475
1.000000 2.482099 2.398114 0.045607 0.016155
1.000000 2.482445 2.396475 0.046837 0.024844
1.000000 2.481297 2.397081 0.047412 0.033438
1.000000 2.487107 2.399105 0.048433 0.026992
1.000000 2.486515 2.399392 0.049220 0.035800
1.000000 2.486018 2.400526 0.049148 0.034867
1.000000 2.486448 2.399870 0.048362 0.026899
1.000000 2.483150 2.396891 0.051209 0.048595
1.000000 2.480791 2.398705 0.047349 0.028538
1.000000 2.479943 2.398272 0.044846 0.028914
1.000000 2.479573 2.399524 0.044829 0.020884
1.000000 2.479352 2.397483 0.043386 0.024948
1.000000 2.478689 2.401746 0.041973 0.023368
1.000000 2.474846 2.398855 0.041446 0.021428
1.000000 2.473218 2.391951 0.043001 0.023369
1.000000 2.473347 2.392323 0.045626 0.024568
1.000000 2.473557 2.390999 0.046664 0.025943
1.000000 2.473485 2.390417 0.047506 0.026295
1.000000 2.474536 2.392033 0.045808 0.026367
1.000000 2.475642 2.391733 0.046306 0.027726
1.000000 2.474880 2.392540 0.045515 0.024102
1.000000 2.480056 2.393479 0.047084 0.024413
1.000000 2.478241 2.392779 0.047678 0.022207
1.000000 2.475354 2.391266 0.048398 0.047970
1.000000 2.475960 2.390612 0.048911 0.018513
1.000000 2.475526 2.390829 0.046085 0.038229
1.000000 2.476251 2.391191 0.047260 0.035738
1.000000 2.476079 2.390643 0.047746 0.029317
1.000000 2.475411 2.387847 0.050885 0.029888
1.000000 2.475738 2.387276 0.050862 0.034361
1.000000 2.473761 2.387318 0.050764 0.032101
1.000000 2.476720 2.389638 0.047737 0.032818
1.000000 2.475656 2.391508 0.047251 0.039243
1.000000 2.475275 2.391101 0.048756 0.027877
1.000000 2.478264 2.392919 0.046851 0.025392
1.000000 2.477959 2.389569 0.051076 0.029896
1.000000 2.477256 2.390005 0.051261 0.028577
1.000000 2.477236 2.392098 0.050482 0.024021
1.000000 2.474518 2.388659 0.049728 0.038537
1.000000 2.475032 2.389425 0.048969 0.037326
1.000000 2.481336 2.393734 0.047168 0.025266
1.000000 2.483160 2.399453 0.047284 0.029454
1.000000 2.483453 2.400367 0.046765 0.023626
1.000000 2.482590 2.403175 0.044698 0.027448
1.000000 2.482211 2.403658 0.041282 0.026927
1.000000 2.482746 2.404995 0.040264 0.023792
1.000000 2.485270 2.406886 0.038982 0.020490
1.000000 2.485078 2.408952 0.040220 0.023789
1.000000 2.486137 2.408524 0.039746 0.020128
1.000000 2.486238 2.408755 0.039623 0.024930
1.000000 2.481603 2.407702 0.039050 0.026639
1.000000 2.485632 2.411693 0.035253 0.017681
1.000000 2.485760 2.411523 0.038030 0.019722
1.000000 2.484789 2.406593 0.039965 0.026911
1.000000 2.484122 2.402714 0.043029 0.022704
1.000000 2.485546 2.403825 0.044473 0.024769
1.000000 2.484500 2.403814 0.045682 0.022587
1.000000 2.482138 2.400580 0.045495 0.026625
1.000000 2.480447 2.402409 0.042311 0.034113
1.000000 2.483103 2.402955 0.041734 0.023837
1.000000 2.482133 2.403550 0.042031 0.023789
1.000000 2.481001 2.402330 0.041473 0.031327
1.000000 2.480201 2.402846 0.041041 0.016705
1.000000 2.483725 2.406851 0.038443 0.018912
1.000000 2.481446 2.404984 0.039768 0.019871
1.000000 2.482034 2.404399 0.039320 0.019084
1.000000 2.483492 2.406280 0.040041 0.017939
1.000000 2.486637 2.406164 0.039773 0.019775
1.000000 2.492487 2.411200 0.041351 0.018595
1.000000 2.489984 2.410053 0.045290 0.018230
1.000000 2.492994 2.416823 0.040003 0.016629
1.000000 2.494763 2.419349 0.037922 0.018246
1.000000 2.496207 2.422349 0.037252 0.023673
1.000000 2.493932 2.419492 0.037281 0.028339
1.000000 2.490803 2.418268 0.037157 0.010996
1.000000 2.491234 2.419421 0.035001 0.012154
1.000000 2.491682 2.419474 0.036221 0.012995
1.000000 2.494168 2.424902 0.031549 0.008298
1.000000 2.497355 2.426553 0.031558 0.012774
1.000000 2.497888 2.426101 0.031370 0.016485
1.000000 2.497074 2.426730 0.035428 0.012880
1.000000 2.499391 2.426326 0.033130 0.026566
1.000000 2.498889 2.425816 0.037007 0.008288
1.000000 2.493812 2.422605 0.036164 0.031916
1.000000 2.494849 2.423219 0.033516 0.012924
1.000000 2.494028 2.421781 0.035228 0.020720
1.000000 2.492561 2.421355 0.034246 0.007280
1.000000 2.492557 2.421220 0.033518 0.011472
1.000000 2.493987 2.421198 0.033766 0.017487
1.000000 2.494534 2.420578 0.035555 0.016015
1.000000 2.493809 2.418031 0.038151 0.020834
1.000000 2.493411 2.417364 0.040147 0.018741
1.000000 2.493525 2.418419 0.037587 0.023957
1.000000 2.496815 2.418898 0.039318 0.024504
1.000000 2.498507 2.421409 0.039012 0.021900
1.000000 2.497465 2.419125 0.041248 0.021902
1.000000 2.494637 2.416879 0.041606 0.023293
1.000000 2.492376 2.415969 0.040344 0.022593
1.000000 2.489949 2.409713 0.042111 0.023179
1.000000 2.486322 2.407140 0.044967 0.021386
1.000000 2.486348 2.404787 0.043959 0.022692
1.000000 2.486823 2.403713 0.045176 0.025947
1.000000 2.484640 2.401740 0.045861 0.029967
1.000000 2.483773 2.400650 0.045699 0.030217
1.000000 2.480764 2.398593 0.046161 0.025961
1.000000 2.480176 2.398629 0.046025 0.025774
1.000000 2.479912 2.398351 0.043877 0.028985
1.000000 2.479576 2.397541 0.045394 0.030387
1.000000 2.473832 2.396200 0.043428 0.023918
1.000000 2.474439 2.398341 0.039233 0.020162
1.000000 2.472990 2.399123 0.039011 0.018394
1.000000 2.472955 2.400284 0.036041 0.021184
1.000000 2.475977 2.400250 0.037322 0.023359
1.000000 2.473421 2.398872 0.038596 0.027082
1.000000 2.476814 2.400431 0.036085 0.027379
1.000000 2.477436 2.402334 0.036103 0.009572
1.000000 2.477880 2.402044 0.037838 0.026383
1.000000 2.476517 2.399154 0.040478 0.025740
1.000000 2.479799 2.400453 0.040254 0.019874
1.000000 2.478706 2.399604 0.041914 0.020185
1.000000 2.479428 2.399614 0.042722 0.019767
1.000000 2.478412 2.402725 0.041867 0.026654
1.000000 2.479815 2.401925 0.040688 0.028503
1.000000 2.480731 2.400378 0.042075 0.018022
1.000000 2.481175 2.404369 0.040445 0.028455
1.000000 2.481250 2.405294 0.040817 0.015879
1.000000 2.481597 2.402787 0.040828 0.020182
1.000000 2.480737 2.399581 0.043174 0.029816
1.000000 2.477886 2.398290 0.043134 0.029047
1.000000 2.475514 2.398296 0.042156 0.024573
1.000000 2.478382 2.399680 0.040251 0.022279
1.000000 2.479821 2.399075 0.043683 0.021583
1.000000 2.480061 2.398722 0.043020 0.023568
1.000000 2.480857 2.395660 0.048503 0.023248
1.000000 2.480954 2.396811 0.047147 0.028344
1.000000 2.478508 2.395965 0.047389 0.033435
1.000000 2.478063 2.394848 0.046218 0.027704
1.000000 2.477020 2.390236 0.048734 0.034658
1.000000 2.476406 2.388498 0.050770 0.036655
1.000000 2.477104 2.388988 0.051032 0.030864
1.000000 2.477288 2.388229 0.052150 0.031306
1.000000 2.478338 2.389264 0.051798 0.036056
1.000000 2.478811 2.389605 0.052203 0.030554
1.000000 2.477779 2.389637 0.050540 0.035501
1.000000 2.474507 2.389885 0.049491 0.031995
1.000000 2.473746 2.389782 0.046223 0.038650
1.000000 2.472038 2.390897 0.045685 0.034909
1.000000 2.469798 2.392925 0.040787 0.035733
1.000000 2.470501 2.392382 0.040645 0.017944
1.000000 2.469505 2.392040 0.041393 0.020479
1.000000 2.469538 2.390729 0.040388 0.022865
1.000000 2.467903 2.387176 0.043628 0.022537
1.000000 2.465783 2.386224 0.044108 0.029233
1.000000 2.465726 2.385807 0.041599 0.025422
1.000000 2.465878 2.385755 0.043825 0.026432
1.000000 2.464459 2.385102 0.043416 0.019115
1.000000 2.463411 2.384040 0.041481 0.033035
1.000000 2.461431 2.383404 0.042384 0.024056
1.000000 2.460834 2.384361 0.040300 0.015990
1.000000 2.458585 2.383243 0.039813 0.017110
1.000000 2.455700 2.377032 0.042831 0.024165
1.000000 2.451553 2.377935 0.039247 0.022790
1.000000 2.451391 2.377092 0.037111 0.013126
1.000000 2.451525 2.377156 0.037667 0.027126
1.000000 2.451807 2.371576 0.040666 0.019667
1.000000 2.451054 2.373045 0.041949 0.028856
1.000000 2.449534 2.368945 0.043954 0.032339
1.000000 2.449761 2.368195 0.042861 0.032181
1.000000 2.451980 2.370009 0.043715 0.027148
1.000000 2.451529 2.371653 0.044154 0.024779
1.000000 2.450637 2.370999 0.042781 0.022793
1.000000 2.449401 2.370478 0.042177 0.030547
1.000000 2.449440 2.369383 0.042465 0.029482
1.000000 2.452899 2.371814 0.043101 0.017899
1.000000 2.452943 2.371936 0.043678 0.019733
1.000000 2.448195 2.368918 0.044289 0.018364
1.000000 2.448427 2.367358 0.042995 0.038387
1.000000 2.447905 2.365727 0.043473 0.017477
1.000000 2.446710 2.366507 0.043558 0.017252
1.000000 2.447080 2.365327 0.042608 0.035709
1.000000 2.447598 2.365993 0.042259 0.025237
1.000000 2.447242 2.366842 0.044241 0.027180
1.000000 2.449136 2.367923 0.041514 0.029302
1.000000 2.450285 2.367356 0.045161 0.022475
1.000000 2.450019 2.366747 0.046038 0.034429
1.000000 2.448942 2.366387 0.046270 0.030297
1.000000 2.446410 2.364633 0.046709 0.025397
1.000000 2.449969 2.368049 0.043119 0.025915
1.000000 2.450064 2.367997 0.043199 0.028394
1.000000 2.448482 2.365078 0.046427 0.021011
1.000000 2.449692 2.366064 0.045459 0.029588
1.000000 2.449909 2.366148 0.047330 0.031323
1.000000 2.451871 2.364577 0.048937 0.028089
1.000000 2.452149 2.364593 0.049374 0.034795
1.000000 2.451649 2.365866 0.048935 0.027932
1.000000 2.450755 2.366902 0.046838 0.023629
1.000000 2.450511 2.368036 0.044345 0.033215
1.000000 2.452045 2.370622 0.043867 0.021263
1.000000 2.450647 2.371815 0.041670 0.031422
1.000000 2.449529 2.371913 0.040371 0.025002
1.000000 2.450903 2.370980 0.041523 0.027674
1.000000 2.452265 2.372369 0.042877 0.025079
1.000000 2.453525 2.371131 0.044457 0.022990
1.000000 2.454022 2.371209 0.044826 0.021952
1.000000 2.454419 2.370097 0.046894 0.025070
1.000000 2.455514 2.370376 0.047088 0.035685
1.000000 2.455691 2.371008 0.045953 0.035577
1.000000 2.454763 2.370602 0.046314 0.022157
1.000000 2.457726 2.372784 0.046513 0.022160
1.000000 2.458240 2.370494 0.049136 0.038597
1.000000 2.456767 2.369253 0.049889 0.026003
1.000000 2.455922 2.369239 0.049659 0.027279
1.000000 2.456059 2.371651 0.048163 0.026880
1.000000 2.459142 2.376230 0.044581 0.024910
1.000000 2.458434 2.375291 0.044483 0.038787
1.000000 2.458453 2.377104 0.043775 0.025201
1.000000 2.457956 2.378943 0.042917 0.028134
1.000000 2.457867 2.381091 0.039053 0.026895
1.000000 2.455370 2.379804 0.041587 0.022342
1.000000 2.457007 2.378998 0.038974 0.025227
1.000000 2.460685 2.382038 0.039245 0.021912
1.000000 2.458720 2.382745 0.040991 0.016836
1.000000 2.457929 2.382210 0.037162 0.024807
1.000000 2.457083 2.381283 0.038640 0.026897
1.000000 2.460213 2.382385 0.039382 0.028909
1.000000 2.457884 2.381945 0.039954 0.023430
1.000000 2.455729 2.375307 0.042869 0.022198
1.000000 2.454601 2.374127 0.043444 0.032320
1.000000 2.454215 2.374710 0.042046 0.029444
1.000000 2.455430 2.374606 0.043043 0.028548
1.000000 2.456432 2.375169 0.043682 0.028723
1.000000 2.457264 2.376352 0.043031 0.023415
1.000000 2.458912 2.376285 0.044362 0.022540
1.000000 2.462013 2.376308 0.046471 0.031243
1.000000 2.458590 2.372471 0.050691 0.034936
1.000000 2.458472 2.374653 0.047425 0.031536
1.000000 2.456953 2.372427 0.047547 0.031832
1.000000 2.457842 2.373138 0.045481 0.034053
1.000000 2.455193 2.373656 0.044871 0.036038
1.000000 2.453092 2.371360 0.046215 0.024539
1.000000 2.457839 2.371546 0.045525 0.031774
1.000000 2.454091 2.369692 0.049920 0.026797
1.000000 2.452099 2.367276 0.048973 0.026439
1.000000 2.451366 2.368192 0.046247 0.028572
1.000000 2.444811 2.362812 0.047515 0.032445
1.000000 2.445392 2.366263 0.042069 0.023493
1.000000 2.446873 2.367476 0.041372 0.026367
1.000000 2.447793 2.366867 0.042482 0.022538
1.000000 2.451039 2.367887 0.043921 0.027384
1.000000 2.450920 2.366543 0.046524 0.027842
1.000000 2.450659 2.366361 0.048569 0.028533
1.000000 2.451263 2.369154 0.046566 0.024415
1.000000 2.452034 2.370333 0.043772 0.022248
1.000000 2.452928 2.372778 0.044520 0.039965
1.000000 2.452296 2.369541 0.044525 0.032731
1.000000 2.453154 2.368740 0.048033 0.035721
1.000000 2.454040 2.371386 0.045426 0.022473
1.000000 2.450770 2.370865 0.044996 0.012153
1.000000 2.450811 2.367891 0.044395 0.039993
1.000000 2.453311 2.369078 0.047055 0.033508
1.000000 2.454409 2.369793 0.046479 0.023841
1.000000 2.456892 2.374270 0.045307 0.035220
1.000000 2.455416 2.372576 0.045984 0.029926
1.000000 2.456758 2.371876 0.046838 0.034243
1.000000 2.454700 2.371625 0.046762 0.027458
1.000000 2.455250 2.371023 0.046325 0.037144
1.000000 2.453660 2.370030 0.047504 0.025240
1.000000 2.453298 2.371340 0.044517 0.024085
1.000000 2.452673 2.371853 0.043829 0.026291
1.000000 2.454035 2.371729 0.043801 0.026002
1.000000 2.453654 2.371622 0.045831 0.019946
1.000000 2.453020 2.372760 0.044528 0.028120
1.000000 2.452164 2.370641 0.044242 0.027296
1.000000 2.454501 2.371634 0.044198 0.026682
1.000000 2.454926 2.373616 0.047215 0.033345
1.000000 2.456024 2.376423 0.042533 0.029314
1.000000 2.458888 2.378705 0.041166 0.030702
1.000000 2.459193 2.374873 0.045026 0.029532
1.000000 2.452050 2.374563 0.043968 0.024549
1.000000 2.451822 2.374372 0.039701 0.023194
1.000000 2.456442 2.377026 0.039607 0.022922
1.000000 2.460497 2.376731 0.044533 0.025621
1.000000 2.460610 2.375401 0.048286 0.023906
1.000000 2.461432 2.378619 0.046882 0.030789
1.000000 2.461783 2.377721 0.046277 0.025639
1.000000 2.462963 2.382669 0.044578 0.025287
1.000000 2.462782 2.381526 0.044452 0.027392
1.000000 2.460047 2.381057 0.044461 0.027481
1.000000 2.456190 2.376735 0.043955 0.023516
1.000000 2.456141 2.377850 0.041559 0.023912
1.000000 2.452508 2.372902 0.042591 0.031941
1.000000 2.450778 2.375662 0.040585 0.027769
1.000000 2.449542 2.372947 0.040028 0.029254
1.000000 2.447502 2.369245 0.041421 0.020545
1.000000 2.449103 2.369356 0.040527 0.030135
1.000000 2.448816 2.370407 0.042716 0.015553
1.000000 2.448837 2.370955 0.041266 0.031022
1.000000 2.448828 2.372464 0.039920 0.021889
1.000000 2.450333 2.372565 0.039611 0.031900
1.000000 2.449928 2.371373 0.040219 0.031393
1.000000 2.449693 2.372034 0.040240 0.018833
1.000000 2.450796 2.371187 0.040656 0.024932
1.000000 2.448212 2.371670 0.041776 0.022253
1.000000 2.449814 2.370512 0.040847 0.017096
1.000000 2.448426 2.370073 0.041605 0.028334
1.000000 2.454596 2.370619 0.044564 0.018004
1.000000 2.456575 2.377633 0.043530 0.018962
1.000000 2.456109 2.377127 0.042809 0.025161
1.000000 2.458090 2.376553 0.041133 0.029450
1.000000 2.465565 2.376676 0.049773 0.031764
1.000000 2.465516 2.377124 0.050694 0.027236
1.000000 2.464389 2.377178 0.051631 0.028583
1.000000 2.465678 2.380505 0.048137 0.028165
1.000000 2.463244 2.379360 0.048884 0.032217
1.000000 2.462740 2.379896 0.046827 0.030367
1.000000 2.466323 2.384374 0.043420 0.026252
1.000000 2.466881 2.383345 0.046886 0.025651
1.000000 2.467146 2.384709 0.044855 0.034569
1.000000 2.467142 2.383941 0.046124 0.029992
1.000000 2.466026 2.382800 0.048022 0.035264
1.000000 2.466688 2.380978 0.047603 0.034034
1.000000 2.467505 2.381766 0.048362 0.031023
1.000000 2.467805 2.381799 0.048226 0.028497
1.000000 2.471235 2.380799 0.050017 0.042636
1.000000 2.467548 2.374592 0.056914 0.043044
1.000000 2.470491 2.375288 0.056785 0.049535
1.000000 2.469270 2.373650 0.058979 0.032494
1.000000 2.469162 2.373742 0.058408 0.033321
1.000000 2.468484 2.373018 0.058932 0.035486
1.000000 2.464457 2.372425 0.057041 0.035255
1.000000 2.466129 2.373237 0.054944 0.033536
1.000000 2.460706 2.372290 0.053230 0.041292
1.000000 2.468504 2.375655 0.051834 0.033161
1.000000 2.466330 2.373499 0.056454 0.047317
1.000000 2.463680 2.373493 0.055343 0.031543
1.000000 2.464952 2.373418 0.051914 0.034362
1.000000 2.465345 2.373046 0.056298 0.039574
1.000000 2.463738 2.373458 0.054810 0.035197
1.000000 2.465596 2.372717 0.054529 0.036274
1.000000 2.463425 2.372006 0.055058 0.042217
1.000000 2.464746 2.371820 0.054918 0.038100
1.000000 2.467193 2.373190 0.056218 0.040947
1.000000 2.458371 2.367930 0.057704 0.041339
1.000000 2.458564 2.367412 0.053048 0.034583
1.000000 2.459021 2.366423 0.055070 0.035353
1.000000 2.458749 2.366873 0.054881 0.034924
1.000000 2.458827 2.369841 0.053075 0.033340
1.000000 2.459242 2.369992 0.052508 0.039912
1.000000 2.459313 2.370756 0.052237 0.035482
1.000000 2.459724 2.371380 0.051260 0.034582
1.000000 2.459422 2.372287 0.051034 0.025404
1.000000 2.458958 2.369970 0.050942 0.025491
1.000000 2.459571 2.369794 0.052425 0.024054
1.000000 2.457242 2.369794 0.052000 0.025508
1.000000 2.455807 2.370812 0.048158 0.033305
1.000000 2.456503 2.370401 0.048584 0.026210
1.000000 2.455980 2.371081 0.047607 0.035305
1.000000 2.459196 2.372024 0.047420 0.026675
1.000000 2.459815 2.372039 0.049828 0.031100
1.000000 2.461104 2.373257 0.049614 0.036527
1.000000 2.463509 2.373892 0.050495 0.036647
1.000000 2.462029 2.373342 0.050670 0.032479
1.000000 2.460751 2.370018 0.050849 0.033480
1.000000 2.461967 2.369898 0.053317 0.040225
1.000000 2.461223 2.369463 0.054116 0.037287
1.000000 2.465052 2.373872 0.051639 0.044711
1.000000 2.468470 2.374231 0.055401 0.044119
1.000000 2.466893 2.371709 0.059225 0.032745
1.000000 2.471196 2.373344 0.059002 0.044209
1.000000 2.470398 2.374581 0.059748 0.040838
1.000000 2.473667 2.374650 0.059648 0.042287
1.000000 2.469462 2.373387 0.059406 0.046529
1.000000 2.471886 2.373036 0.060013 0.047494
1.000000 2.471294 2.371679 0.062221 0.051524
1.000000 2.470516 2.368793 0.063233 0.052699
1.000000 2.474423 2.368913 0.065539 0.049942
1.000000 2.476155 2.369668 0.069270 0.048104
1.000000 2.474504 2.370706 0.068640 0.051657
1.000000 2.476035 2.373541 0.064895 0.055115
1.000000 2.475760 2.374143 0.065605 0.042161
1.000000 2.472953 2.374338 0.063479 0.054159
1.000000 2.473946 2.375176 0.059757 0.049343
1.000000 2.473363 2.374864 0.062234 0.037193
1.000000 2.474174 2.375853 0.062130 0.046755
1.000000 2.472275 2.373134 0.062913 0.046844
1.000000 2.472298 2.372397 0.063040 0.043768
1.000000 2.471113 2.371908 0.062421 0.045097
1.000000 2.469677 2.371689 0.062643 0.044902
1.000000 2.469581 2.369818 0.061440 0.039195
1.000000 2.468043 2.368274 0.063266 0.042181
1.000000 2.466082 2.369224 0.061891 0.041403
1.000000 2.471402 2.374556 0.057377 0.035733
1.000000 2.471134 2.374006 0.060596 0.040549
1.000000 2.470221 2.373262 0.060519 0.039547
1.000000 2.472762 2.374851 0.059678 0.045927
1.000000 2.472012 2.371473 0.062242 0.043970
1.000000 2.471629 2.371522 0.064752 0.044972
1.000000 2.471472 2.370986 0.062936 0.047125
1.000000 2.471539 2.372835 0.061909 0.040994
1.000000 2.471441 2.371217 0.062299 0.046178
1.000000 2.468950 2.370658 0.061548 0.044462
1.000000 2.469665 2.371275 0.060564 0.047966
1.000000 2.468952 2.369958 0.061307 0.036057
1.000000 2.466257 2.369929 0.060426 0.036948
1.000000 2.468464 2.370753 0.060360 0.042679
1.000000 2.469696 2.372328 0.058660 0.040450
1.000000 2.467908 2.371276 0.059101 0.030767
1.000000 2.467506 2.370413 0.059832 0.042603
1.000000 2.466806 2.370652 0.060141 0.041525
1.000000 2.466648 2.371160 0.058510 0.043872
1.000000 2.468901 2.371170 0.058912 0.043745
1.000000 2.468576 2.369590 0.062442 0.050243
1.000000 2.467906 2.369536 0.061895 0.044112
1.000000 2.469305 2.369896 0.061804 0.046733
1.000000 2.468564 2.369280 0.060698 0.042785
1.000000 2.466933 2.369333 0.061534 0.035776
1.000000 2.464419 2.363787 0.063447 0.043069
1.000000 2.461730 2.362372 0.064493 0.046448
1.000000 2.461925 2.361763 0.063805 0.031141
1.000000 2.461609 2.362300 0.063262 0.035574
1.000000 2.460290 2.362620 0.060913 0.047887
1.000000 2.458258 2.363173 0.058494 0.036948
1.000000 2.457183 2.360783 0.058685 0.036515
1.000000 2.457213 2.360183 0.059438 0.047679
1.000000 2.453989 2.358679 0.059639 0.042135
1.000000 2.453410 2.358503 0.056684 0.037484
1.000000 2.453737 2.359191 0.058103 0.042631
1.000000 2.456477 2.360461 0.057509 0.046212
1.000000 2.456384 2.359245 0.059927 0.037292
1.000000 2.456116 2.357645 0.060435 0.050983
1.000000 2.457487 2.358406 0.060259 0.054050
1.000000 2.459227 2.359037 0.061906 0.042262
1.000000 2.457895 2.360137 0.061597 0.041652
1.000000 2.458944 2.358457 0.061616 0.045804
1.000000 2.458890 2.358553 0.065041 0.035927
1.000000 2.459303 2.354503 0.065354 0.040776
1.000000 2.460773 2.354252 0.068621 0.040285
1.000000 2.459896 2.353875 0.069682 0.048711
1.000000 2.460355 2.354128 0.067715 0.049641
1.000000 2.461296 2.353049 0.069430 0.061241
1.000000 2.460653 2.353870 0.070625 0.041775
1.000000 2.460570 2.352495 0.070752 0.047774
1.000000 2.458925 2.351635 0.070619 0.050903
1.000000 2.458788 2.351871 0.069543 0.054853
1.000000 2.459457 2.354158 0.069921 0.045009
1.000000 2.456035 2.351425 0.066879 0.062230
1.000000 2.461215 2.353615 0.067925 0.061483
1.000000 2.461916 2.351459 0.071715 0.059510
1.000000 2.463758 2.350761 0.074394 0.058619
1.000000 2.467523 2.353754 0.074747 0.050001
1.000000 2.467285 2.353734 0.076336 0.054581
1.000000 2.467629 2.353955 0.076664 0.054776
1.000000 2.463266 2.351462 0.076432 0.064169
1.000000 2.459509 2.346389 0.076928 0.060404
1.000000 2.459254 2.345837 0.076244 0.058254
1.000000 2.458075 2.344892 0.076814 0.058155
1.000000 2.457145 2.342479 0.076923 0.053493
1.000000 2.458232 2.342972 0.077225 0.058520
1.000000 2.455670 2.341709 0.077687 0.064223
1.000000 2.449711 2.341270 0.075212 0.059147
1.000000 2.449597 2.340130 0.070808 0.054221
1.000000 2.449224 2.339339 0.072335 0.056932
1.000000 2.447615 2.338895 0.073036 0.055696
1.000000 2.446433 2.337725 0.071241 0.056074
1.000000 2.446093 2.337714 0.071871 0.045197
1.000000 2.446227 2.337798 0.073503 0.066930
1.000000 2.444072 2.334198 0.073285 0.068791
1.000000 2.444187 2.332984 0.072328 0.046832
1.000000 2.444996 2.335622 0.071933 0.050147
1.000000 2.445852 2.335336 0.072226 0.043040
1.000000 2.448460 2.337737 0.072647 0.046146
1.000000 2.448289 2.335812 0.073796 0.073849
1.000000 2.447742 2.335594 0.074966 0.061403
1.000000 2.445627 2.332815 0.075714 0.056015
1.000000 2.445927 2.333789 0.074505 0.055018
1.000000 2.447139 2.332306 0.074915 0.063253
1.000000 2.446465 2.331696 0.077864 0.048623
1.000000 2.444847 2.330072 0.078122 0.056166
1.000000 2.444768 2.330945 0.075844 0.070504
1.000000 2.443560 2.331710 0.076725 0.045728
1.000000 2.444301 2.331086 0.075695 0.050555
1.000000 2.445663 2.331334 0.075530 0.064015
1.000000 2.444986 2.332157 0.075383 0.069837
1.000000 2.441903 2.330752 0.075446 0.065599
1.000000 2.443745 2.329088 0.074763 0.060046
1.000000 2.440588 2.328589 0.075218 0.061079
1.000000 2.439892 2.328720 0.074362 0.060390
1.000000 2.440249 2.329365 0.074195 0.052600
1.000000 2.443326 2.332082 0.073059 0.058889
1.000000 2.442790 2.332088 0.074040 0.065686
1.000000 2.442503 2.332255 0.074092 0.043890
1.000000 2.441606 2.330409 0.073661 0.061786
1.000000 2.441635 2.330750 0.073188 0.059660
1.000000 2.440337 2.329550 0.074047 0.059404
1.000000 2.440020 2.333120 0.072452 0.060778
1.000000 2.441034 2.331226 0.071617 0.057152
1.000000 2.442225 2.331397 0.073701 0.054965
1.000000 2.442783 2.332857 0.072029 0.061121
1.000000 2.442426 2.330620 0.073199 0.057961
1.000000 2.443212 2.330207 0.074305 0.065814
1.000000 2.443457 2.330639 0.074955 0.057226
1.000000 2.443562 2.330753 0.075028 0.056739
1.000000 2.448158 2.331947 0.077952 0.057416
1.000000 2.446540 2.332865 0.077626 0.055023
1.000000 2.446382 2.332519 0.076496 0.065577
1.000000 2.449383 2.333520 0.076557 0.061656
1.000000 2.451556 2.334435 0.079523 0.060447
1.000000 2.453728 2.336546 0.078488 0.067213
1.000000 2.450630 2.331798 0.082570 0.067026
1.000000 2.452602 2.332054 0.081850 0.060584
1.000000 2.449825 2.332278 0.083294 0.067027
1.000000 2.448939 2.333370 0.078312 0.066800
1.000000 2.449082 2.332984 0.078120 0.069375
1.000000 2.447691 2.334032 0.077411 0.061893
1.000000 2.444799 2.334767 0.074838 0.058195
1.000000 2.446625 2.336075 0.073515 0.047898
1.000000 2.445500 2.337165 0.072722 0.049604
1.000000 2.443989 2.335978 0.070898 0.054336
1.000000 2.444147 2.335391 0.071372 0.054631
1.000000 2.439284 2.331155 0.071737 0.055357
1.000000 2.438937 2.327532 0.072422 0.056042
1.000000 2.440794 2.329086 0.072984 0.072850
1.000000 2.438879 2.329282 0.073695 0.051001
1.000000 2.439237 2.330838 0.069936 0.067317
1.000000 2.437788 2.331086 0.069324 0.059897
1.000000 2.440316 2.336611 0.066677 0.045822
1.000000 2.438382 2.334911 0.066074 0.054992
1.000000 2.438716 2.334634 0.067043 0.057165
1.000000 2.439420 2.334344 0.066949 0.043727
1.000000 2.439334 2.333400 0.068070 0.055520
1.000000 2.442432 2.335996 0.067660 0.047199
1.000000 2.439998 2.334571 0.069479 0.050445
1.000000 2.439774 2.334444 0.066361 0.047412
1.000000 2.440334 2.333328 0.070253 0.060972
1.000000 2.439215 2.332918 0.069350 0.056476
1.000000 2.438448 2.332770 0.068543 0.063624
1.000000 2.438707 2.334424 0.067769 0.055646
1.000000 2.441002 2.337765 0.065231 0.053376
1.000000 2.440912 2.338606 0.064554 0.050807
1.000000 2.441626 2.335889 0.066008 0.043815
1.000000 2.438759 2.333101 0.069365 0.049791
1.000000 2.439226 2.332744 0.067813 0.054064
1.000000 2.438191 2.331817 0.069881 0.048690
1.000000 2.436367 2.330764 0.069646 0.055690
1.000000 2.436887 2.330825 0.066846 0.050740
1.000000 2.435209 2.331930 0.067075 0.051731
1.000000 2.436927 2.334135 0.063918 0.049701
1.000000 2.437636 2.334383 0.065203 0.045663
1.000000 2.441124 2.334309 0.067956 0.066354
1.000000 2.442179 2.333110 0.070712 0.055380
1.000000 2.442506 2.332919 0.071808 0.056739
1.000000 2.444520 2.334637 0.071113 0.057410
1.000000 2.446580 2.335443 0.072478 0.049324
1.000000 2.445491 2.336356 0.072460 0.067555
1.000000 2.445366 2.334270 0.072594 0.078477
1.000000 2.445848 2.335751 0.072149 0.058634
1.000000 2.446293 2.333909 0.075029 0.056232
1.000000 2.445647 2.333529 0.075893 0.059392
1.000000 2.449557 2.336494 0.073880 0.050058
1.000000 2.446710 2.334848 0.076191 0.053345
1.000000 2.447059 2.334491 0.076158 0.060982
1.000000 2.447150 2.334175 0.074967 0.062610
1.000000 2.452538 2.334172 0.077826 0.066144
1.000000 2.453602 2.331895 0.083794 0.055853
1.000000 2.453914 2.333671 0.083893 0.065888
1.000000 2.450358 2.330492 0.083462 0.069833
1.000000 2.451791 2.331361 0.081482 0.064129
1.000000 2.451636 2.333056 0.083018 0.068740
1.000000 2.451188 2.334953 0.079629 0.059391
1.000000 2.452475 2.334447 0.078999 0.063868
1.000000 2.450250 2.333404 0.080980 0.065713
1.000000 2.449947 2.333096 0.078702 0.069344
1.000000 2.529292 2.453782 0.039920 0.014261
1.000000 2.527200 2.451829 0.038504 0.024653
1.000000 2.528513 2.452270 0.038558 0.015347
1.000000 2.529042 2.453534 0.038368 0.018936
1.000000 2.527233 2.452336 0.040298 0.021914
1.000000 2.527091 2.451115 0.038551 0.027549
1.000000 2.530028 2.453836 0.038084 0.027953
1.000000 2.528990 2.453893 0.039682 0.014323
1.000000 2.529316 2.455594 0.037345 0.014084
1.000000 2.523997 2.452213 0.037918 0.022461
1.000000 2.524450 2.453753 0.032529 0.017454
1.000000 2.523550 2.454181 0.033674 0.011603
1.000000 2.518458 2.451377 0.033733 0.014548
1.000000 2.521125 2.453065 0.029469 0.015571
1.000000 2.520815 2.457264 0.030283 0.011861
1.000000 2.520694 2.459670 0.024445 0.008294
1.000000 2.523728 2.461389 0.023540 0.006552
1.000000 2.522393 2.462227 0.025078 0.002721
1.000000 2.521016 2.459902 0.023847 0.005824
1.000000 2.518405 2.457880 0.024666 0.003842
1.000000 2.519753 2.458754 0.021822 0.003882
1.000000 2.520453 2.460429 0.022773 0.003292
1.000000 2.523626 2.461433 0.024264 0.005500
1.000000 2.526739 2.462198 0.025929 0.012302
1.000000 2.526400 2.463622 0.027290 0.008070
1.000000 2.525507 2.463960 0.024951 0.007976
1.000000 2.526146 2.464290 0.023983 0.005810
1.000000 2.527049 2.464921 0.023268 0.007298
1.000000 2.525032 2.461386 0.027946 0.016503
1.000000 2.525654 2.461637 0.027872 0.005821
1.000000 2.525175 2.462159 0.027134 0.002941
1.000000 2.525634 2.462146 0.026560 0.009593
1.000000 2.527167 2.464126 0.025295 0.008732
1.000000 2.526528 2.463661 0.026404 0.009877
1.000000 2.524309 2.461686 0.026696 0.006355
1.000000 2.527392 2.458873 0.029356 0.008619
1.000000 2.529607 2.460284 0.031967 0.006378
1.000000 2.529067 2.458830 0.033578 0.010837
1.000000 2.527433 2.459183 0.033197 0.016526
1.000000 2.529507 2.461322 0.029678 0.012597
1.000000 2.527602 2.461948 0.030308 0.011338
1.000000 2.524227 2.460854 0.027824 0.014320
1.000000 2.525626 2.459216 0.028460 0.008918
1.000000 2.526768 2.459940 0.029492 0.011294
1.000000 2.527165 2.462101 0.030269 0.009535
1.000000 2.528240 2.466352 0.026284 0.010264
1.000000 2.528213 2.468872 0.022332 0.009129
1.000000 2.523916 2.466402 0.022847 0.009280
1.000000 2.522165 2.466622 0.019798 0.007330
1.000000 2.516445 2.462956 0.020532 0.000872
1.000000 2.515599 2.459759 0.020698 0.000291
1.000000 2.513231 2.456873 0.021200 0.000768
1.000000 2.511661 2.457250 0.019015 0.000685
1.000000 2.515260 2.457109 0.018559 0.001117
1.000000 2.517388 2.456343 0.023779 0.000805
1.000000 2.518725 2.458015 0.023312 0.001220
1.000000 2.520141 2.459502 0.022742 0.007811
1.000000 2.520372 2.459045 0.024720 0.005226
1.000000 2.523615 2.460529 0.024913 0.008054
1.000000 2.525139 2.463598 0.025857 0.004118
1.000000 2.526017 2.463392 0.025159 0.004336
1.000000 2.523839 2.463709 0.023447 0.012156
1.000000 2.522685 2.462379 0.023977 0.002976
1.000000 2.523330 2.462782 0.023459 0.006704
1.000000 2.526232 2.464796 0.023171 0.003943
1.000000 2.528890 2.464028 0.026990 0.011540
1.000000 2.528503 2.463987 0.027649 0.010095
1.000000 2.530813 2.463666 0.028839 0.010301
1.000000 2.533082 2.463245 0.030740 0.010478
1.000000 2.533507 2.465913 0.030773 0.014812
1.000000 2.537266 2.464962 0.033516 0.011287
1.000000 2.535075 2.463363 0.036108 0.022016
1.000000 2.535055 2.463289 0.034973 0.022438
1.000000 2.536098 2.466108 0.032675 0.009068
1.000000 2.535906 2.465105 0.033717 0.014939
1.000000 2.536470 2.468253 0.032456 0.014379
1.000000 2.537997 2.469988 0.032098 0.014585
1.000000 2.538417 2.469429 0.031029 0.009374
1.000000 2.540477 2.469729 0.033403 0.010478
1.000000 2.534870 2.464404 0.036570 0.019058
1.000000 2.534372 2.467666 0.031460 0.019995
1.000000 2.534397 2.467738 0.029707 0.011424
1.000000 2.534937 2.470355 0.028764 0.001618
1.000000 2.535458 2.469613 0.028744 0.013467
1.000000 2.537622 2.470923 0.028693 0.013827
1.000000 2.538450 2.472863 0.028204 0.014324
1.000000 2.538179 2.473547 0.027302 0.002222
1.000000 2.534596 2.473030 0.025795 0.008437
1.000000 2.536011 2.472790 0.025620 0.006816
1.000000 2.537576 2.475393 0.025698 0.005019
1.000000 2.537215 2.474615 0.025474 0.008388
1.000000 2.537435 2.473501 0.027204 0.011922
1.000000 2.537700 2.473967 0.028281 0.010606
1.000000 2.534923 2.475172 0.026169 0.008492
1.000000 2.534918 2.472944 0.025293 0.009612
1.000000 2.534184 2.472595 0.025789 0.001325
1.000000 2.532251 2.472481 0.024222 0.004036
1.000000 2.527800 2.471693 0.021181 0.003424
1.000000 2.526661 2.466700 0.021041 0.005073
1.000000 2.525836 2.465293 0.024864 0.004744
1.000000 2.523120 2.464608 0.023131 0.003981
1.000000 2.528816 2.467814 0.021180 0.005485
1.000000 2.528495 2.468358 0.021856 0.003789
1.000000 2.527115 2.467226 0.021199 0.002720
1.000000 2.527315 2.464909 0.025256 0.001983
1.000000 2.526778 2.467372 0.024489 0.005826
1.000000 2.526701 2.462670 0.026533 0.011849
1.000000 2.525440 2.460682 0.029514 0.002271
1.000000 2.523291 2.457001 0.028774 0.012359
1.000000 2.523926 2.456689 0.030178 0.008348
1.000000 2.523959 2.456444 0.030442 0.007596
1.000000 2.529016 2.460145 0.030701 0.009120
1.000000 2.528790 2.460579 0.030419 0.011606
1.000000 2.527849 2.460817 0.030546 0.012111
1.000000 2.521492 2.461513 0.026306 0.010755
1.000000 2.522213 2.461997 0.023773 0.005232
1.000000 2.521916 2.458913 0.024549 0.006292
1.000000 2.523554 2.458558 0.026203 0.006960
1.000000 2.520357 2.456934 0.028321 0.005072
1.000000 2.517832 2.455236 0.026293 0.004986
1.000000 2.517040 2.456364 0.024362 0.004238
1.000000 2.514984 2.453590 0.025625 0.008628
1.000000 2.514855 2.453835 0.023739 0.002228
1.000000 2.514902 2.453406 0.026170 0.000032
1.000000 2.516223 2.453433 0.025046 0.001694
1.000000 2.516405 2.451942 0.027718 0.012242
1.000000 2.513510 2.449305 0.028447 0.012881
1.000000 2.516241 2.451180 0.026322 0.010937
1.000000 2.516763 2.449879 0.029013 0.006109
1.000000 2.513192 2.450575 0.029013 0.008433
1.000000 2.508530 2.447783 0.027582 0.005621
1.000000 2.506986 2.445923 0.024464 0.004673
1.000000 2.507342 2.448670 0.021454 0.002428
1.000000 2.504445 2.446196 0.022136 0.003522
1.000000 2.502734 2.444295 0.022275 0.008969
1.000000 2.504949 2.443618 0.022776 0.002318
1.000000 2.504521 2.442845 0.025870 0.008313
1.000000 2.504230 2.441454 0.025599 0.004653
1.000000 2.504019 2.440302 0.025788 0.008972
1.000000 2.498024 2.436112 0.028005 0.010511
1.000000 2.499009 2.436622 0.025326 0.006968
1.000000 2.499081 2.437532 0.027359 0.009827
1.000000 2.498779 2.440531 0.022220 0.006323
1.000000 2.498885 2.442892 0.019769 0.004698
1.000000 2.498023 2.441786 0.019648 0.002992
1.000000 2.502046 2.442859 0.020236 0.001873
1.000000 2.502041 2.442897 0.021321 0.002086
1.000000 2.502048 2.446512 0.022229 0.003116
1.000000 2.502326 2.445183 0.018746 0.004360
1.000000 2.500966 2.445167 0.019046 0.001027
1.000000 2.501185 2.445407 0.018065 0.000978
1.000000 2.497824 2.442089 0.020186 0.001126
1.000000 2.500062 2.442158 0.019551 0.001547
1.000000 2.500389 2.440685 0.022969 0.008283
1.000000 2.500614 2.442090 0.021899 0.000833
1.000000 2.499685 2.439609 0.023029 0.004767
1.000000 2.497699 2.435158 0.025183 0.004798
1.000000 2.499105 2.433706 0.027517 0.007273
1.000000 2.500618 2.434191 0.028871 0.012543
1.000000 2.493908 2.430067 0.030374 0.009599
1.000000 2.494206 2.432006 0.023048 0.006258
1.000000 2.493758 2.430862 0.025473 0.002097
1.000000 2.491745 2.431160 0.024428 0.000978
1.000000 2.490969 2.430101 0.022956 0.003492
1.000000 2.491251 2.430409 0.022625 0.002919
1.000000 2.491728 2.428243 0.025084 0.005790
1.000000 2.494119 2.428405 0.027037 0.009637
1.000000 2.494556 2.434072 0.026331 0.007400
1.000000 2.495749 2.438178 0.021169 0.006105
1.000000 2.494709 2.436994 0.021121 0.005034
1.000000 2.494586 2.437366 0.021958 0.000891
1.000000 2.497526 2.437764 0.022172 0.000927
1.000000 2.497656 2.439533 0.022711 0.000119
1.000000 2.499612 2.443246 0.020707 0.000111
1.000000 2.500849 2.444398 0.019479 0.002121
1.000000 2.500845 2.443736 0.019705 0.005568
1.000000 2.499533 2.444854 0.018880 0.002999
1.000000 2.498374 2.442794 0.018703 0.001982
1.000000 2.498644 2.441620 0.020423 0.002204
1.000000 2.498173 2.441034 0.021570 0.004832
1.000000 2.503708 2.443345 0.020851 0.007166
1.000000 2.505200 2.443155 0.026642 0.004909
1.000000 2.505080 2.442134 0.026446 0.007428
1.000000 2.505195 2.443429 0.025583 0.002533
1.000000 2.505407 2.443260 0.024527 0.006393
1.000000 2.504707 2.442885 0.025185 0.006697
1.000000 2.501418 2.441719 0.025482 0.007549
1.000000 2.501888 2.438365 0.026478 0.006800
1.000000 2.501624 2.437315 0.027472 0.008100
1.000000 2.499841 2.436403 0.026837 0.010706
1.000000 2.501700 2.437122 0.026696 0.003526
1.000000 2.501979 2.436972 0.027484 0.018311
1.000000 2.499671 2.436594 0.027809 0.010022
1.000000 2.500957 2.436811 0.027172 0.008675
1.000000 2.501273 2.437736 0.026781 0.006163
1.000000 2.503517 2.437765 0.027208 0.005663
1.000000 2.503441 2.435036 0.030128 0.011748
1.000000 2.503272 2.434758 0.032434 0.007414
1.000000 2.504286 2.435024 0.032188 0.010598
1.000000 2.505796 2.435185 0.033228 0.013442
1.000000 2.506130 2.438206 0.031975 0.014472
1.000000 2.505522 2.436351 0.032365 0.012693
1.000000 2.505580 2.434978 0.033293 0.011785
1.000000 2.503370 2.431143 0.034972 0.018995
1.000000 2.504337 2.431350 0.036635 0.016321
1.000000 2.501937 2.431690 0.034905 0.009554
1.000000 2.501979 2.432613 0.033713 0.007043
1.000000 2.503314 2.432217 0.032947 0.020321
1.000000 2.502832 2.432353 0.033958 0.016533
1.000000 2.503873 2.434599 0.033097 0.011696
1.000000 2.502302 2.435376 0.030893 0.016786
1.000000 2.499215 2.432766 0.030745 0.014367
1.000000 2.500435 2.432621 0.030566 0.009537
1.000000 2.499369 2.433272 0.029997 0.014762
1.000000 2.497157 2.432975 0.028671 0.014875
1.000000 2.495536 2.430040 0.028389 0.016216
1.000000 2.494813 2.427744 0.030272 0.005594
1.000000 2.493839 2.428104 0.028883 0.004310
1.000000 2.494695 2.428377 0.027254 0.014380
1.000000 2.493977 2.427914 0.030592 0.013252
1.000000 2.493400 2.427303 0.029234 0.013077
1.000000 2.492737 2.426757 0.028704 0.018478
1.000000 2.493340 2.427101 0.028689 0.012659
1.000000 2.493082 2.426413 0.029630 0.013695
1.000000 2.496615 2.426800 0.031064 0.017608
1.000000 2.498510 2.426923 0.035877 0.019685
1.000000 2.500868 2.428479 0.033115 0.013582
1.000000 2.500288 2.430308 0.036177 0.009879
1.000000 2.499191 2.426575 0.035835 0.019311
1.000000 2.499920 2.427162 0.035783 0.017077
1.000000 2.501286 2.427847 0.036546 0.015443
1.000000 2.501047 2.427478 0.035796 0.014567
1.000000 2.498103 2.421646 0.039416 0.023663
1.000000 2.497185 2.423625 0.038091 0.018663
1.000000 2.497961 2.420271 0.038166 0.016814
1.000000 2.496009 2.419544 0.041552 0.014519
1.000000 2.496504 2.419699 0.039176 0.031200
1.000000 2.500718 2.424088 0.037892 0.014861
1.000000 2.502023 2.421702 0.042659 0.028897
1.000000 2.502002 2.420121 0.043611 0.028413
1.000000 2.501483 2.419589 0.045990 0.026804
1.000000 2.503089 2.418734 0.045523 0.023764
1.000000 2.505027 2.417572 0.049241 0.035693
1.000000 2.503403 2.416710 0.050077 0.023804
1.000000 2.505057 2.416151 0.051155 0.023401
1.000000 2.507304 2.418927 0.051908 0.022797
1.000000 2.507715 2.419701 0.051740 0.029088
1.000000 2.503747 2.412539 0.055307 0.026152
1.000000 2.503338 2.411326 0.055836 0.034997
1.000000 2.503286 2.409763 0.055420 0.039730
1.000000 2.501676 2.406784 0.058689 0.035939
1.000000 2.500619 2.409305 0.057189 0.036021
1.000000 2.498960 2.408543 0.055463 0.036195
1.000000 2.501557 2.407908 0.054269 0.044080
1.000000 2.505907 2.412595 0.054562 0.034186
1.000000 2.507279 2.410912 0.056095 0.044896
1.000000 2.506493 2.410613 0.058778 0.048739
1.000000 2.506064 2.410667 0.059216 0.043442
1.000000 2.507500 2.412106 0.057582 0.035860
1.000000 2.509181 2.408807 0.063231 0.033527
1.000000 2.511753 2.414437 0.061584 0.031818
1.000000 2.512278 2.414785 0.060161 0.041617
1.000000 2.509540 2.415070 0.059287 0.048893
1.000000 2.513242 2.414286 0.059538 0.043049
1.000000 2.516230 2.413464 0.063809 0.039845
1.000000 2.513825 2.412405 0.065553 0.048183
1.000000 2.513509 2.413271 0.064258 0.033084
1.000000 2.512413 2.413133 0.063307 0.051952
1.000000 2.516982 2.416478 0.061304 0.051131
1.000000 2.518359 2.418847 0.062812 0.036049
1.000000 2.518734 2.417998 0.063675 0.060628
1.000000 2.518298 2.418758 0.062773 0.041151
1.000000 2.517380 2.418129 0.063454 0.040438
1.000000 2.514939 2.417476 0.062275 0.040585
1.000000 2.517863 2.418321 0.060547 0.048387
1.000000 2.520206 2.415800 0.063782 0.044485
1.000000 2.519526 2.416189 0.065759 0.045035
1.000000 2.518088 2.417720 0.066062 0.044095
1.000000 2.518763 2.419612 0.062120 0.045671
1.000000 2.518501 2.419232 0.062143 0.046076
1.000000 2.517781 2.421085 0.061306 0.048690
1.000000 2.518379 2.426120 0.056742 0.048862
1.000000 2.516353 2.422117 0.057797 0.035050
1.000000 2.516857 2.424349 0.056036 0.040173
1.000000 2.514649 2.425506 0.053905 0.032238
1.000000 2.513639 2.425642 0.052076 0.029332
1.000000 2.512534 2.425783 0.049207 0.038919
1.000000 2.511722 2.425125 0.049593 0.046152
1.000000 2.512415 2.428168 0.047757 0.025129
1.000000 2.512484 2.425796 0.049135 0.027413
1.000000 2.515713 2.432202 0.046125 0.024882
1.000000 2.516218 2.431805 0.048418 0.019707
1.000000 2.514754 2.431609 0.047229 0.043257
1.000000 2.511814 2.429740 0.045988 0.043267
1.000000 2.512014 2.430802 0.044658 0.018943
1.000000 2.512987 2.431826 0.043164 0.031021
1.000000 2.514136 2.433928 0.042931 0.021244
1.000000 2.514027 2.432543 0.043173 0.032072
1.000000 2.516184 2.432320 0.046409 0.029387
1.000000 2.514370 2.431705 0.047564 0.037722
1.000000 2.513408 2.432143 0.044455 0.022610
1.000000 2.513280 2.433120 0.044286 0.022295
1.000000 2.514163 2.433935 0.042308 0.023435
1.000000 2.514220 2.433452 0.042492 0.028256
1.000000 2.512417 2.432947 0.044041 0.021916
1.000000 2.512081 2.435748 0.038615 0.027520
1.000000 2.511507 2.437242 0.037411 0.014833
1.000000 2.515255 2.437451 0.038145 0.016681
1.000000 2.517256 2.440260 0.038589 0.014509
1.000000 2.517555 2.441624 0.040262 0.011593
1.000000 2.518295 2.442001 0.041188 0.013581
1.000000 2.519077 2.442597 0.038017 0.023055
1.000000 2.518271 2.442594 0.038148 0.014909
1.000000 2.517614 2.441163 0.039558 0.023783
1.000000 2.520490 2.441307 0.039001 0.019449
1.000000 2.516023 2.433363 0.046529 0.017254
1.000000 2.519080 2.433430 0.046797 0.042136
1.000000 2.517684 2.433168 0.048590 0.034388
1.000000 2.517173 2.433096 0.047667 0.023503
1.000000 2.514296 2.432014 0.047508 0.022512
1.000000 2.512201 2.428502 0.047573 0.024917
1.000000 2.516580 2.428487 0.048535 0.024073
1.000000 2.518002 2.426236 0.054254 0.042218
1.000000 2.518580 2.426167 0.055467 0.031609
1.000000 2.517250 2.426736 0.054203 0.027874
1.000000 2.513858 2.424990 0.053136 0.036632
1.000000 2.516665 2.423653 0.054063 0.036151
1.000000 2.515012 2.421582 0.056134 0.039066
1.000000 2.510585 2.421049 0.055541 0.040662
1.000000 2.508554 2.419482 0.051663 0.044297
1.000000 2.507837 2.420216 0.049266 0.029819
1.000000 2.507149 2.421484 0.048520 0.029349
1.000000 2.506624 2.420978 0.049052 0.028164
1.000000 2.506227 2.419658 0.049329 0.028158
1.000000 2.504042 2.419618 0.048311 0.023613
1.000000 2.497776 2.415219 0.047633 0.028626
1.000000 2.497868 2.417364 0.045277 0.028474
1.000000 2.498296 2.418070 0.041811 0.019171
1.000000 2.500309 2.418581 0.042969 0.022894
1.000000 2.500360 2.418265 0.046918 0.036484
1.000000 2.497311 2.413228 0.048101 0.030307
1.000000 2.494776 2.412444 0.046453 0.030301
1.000000 2.492585 2.411964 0.045520 0.025519
1.000000 2.492811 2.413536 0.041878 0.028015
1.000000 2.494724 2.414668 0.042536 0.018589
1.000000 2.491420 2.414123 0.041986 0.021789
1.000000 2.491763 2.412852 0.041501 0.023751
1.000000 2.494184 2.413812 0.041413 0.024896
1.000000 2.493405 2.412603 0.043176 0.029502
1.000000 2.493042 2.411210 0.044608 0.030759
1.000000 2.491988 2.411081 0.044650 0.018648
1.000000 2.492741 2.412096 0.042954 0.022933
1.000000 2.493247 2.412537 0.044603 0.026104
1.000000 2.493030 2.411593 0.044187 0.024580
1.000000 2.488945 2.409698 0.044308 0.027024
1.000000 2.488857 2.405446 0.044194 0.029370
1.000000 2.490541 2.403487 0.048563 0.026891
1.000000 2.489264 2.405374 0.047884 0.036722
1.000000 2.487741 2.406916 0.045906 0.036981
1.000000 2.487086 2.407166 0.041697 0.019090
1.000000 2.485551 2.405285 0.043869 0.023320
1.000000 2.482374 2.401807 0.044812 0.029268
1.000000 2.480959 2.401468 0.042947 0.030811
1.000000 2.481553 2.401572 0.041377 0.025442
1.000000 2.480922 2.395630 0.046381 0.025368
1.000000 2.479253 2.397198 0.048032 0.028599
1.000000 2.476881 2.390760 0.048989 0.025187
1.000000 2.480333 2.394234 0.047770 0.020879
1.000000 2.481925 2.397499 0.046773 0.021640
1.000000 2.482883 2.398345 0.048359 0.020048
1.000000 2.482771 2.397630 0.046306 0.034570
1.000000 2.482818 2.397472 0.047122 0.029980
1.000000 2.482113 2.394346 0.051210 0.036332
1.000000 2.482190 2.393397 0.051612 0.041078
1.000000 2.483188 2.392750 0.052007 0.041785
1.000000 2.481948 2.392044 0.053117 0.031634
1.000000 2.482773 2.392798 0.052576 0.029530
1.000000 2.485124 2.392572 0.053077 0.036215
1.000000 2.485140 2.393924 0.054327 0.040783
1.000000 2.486595 2.394868 0.053521 0.034219
1.000000 2.488068 2.395641 0.054170 0.036839
1.000000 2.487917 2.393252 0.055869 0.034716
1.000000 2.483632 2.393600 0.054506 0.034585
1.000000 2.482824 2.397438 0.050090 0.031624
1.000000 2.482920 2.397684 0.048450 0.030468
1.000000 2.478156 2.395370 0.048092 0.033298
1.000000 2.484764 2.399607 0.044792 0.028123
1.000000 2.485234 2.402194 0.045075 0.031615
1.000000 2.483781 2.402160 0.044505 0.032775
1.000000 2.489823 2.407081 0.043280 0.024757
1.000000 2.495538 2.412170 0.044116 0.016255
1.000000 2.495616 2.415585 0.044412 0.016617
1.000000 2.497993 2.418535 0.041887 0.025069
1.000000 2.498693 2.418001 0.041917 0.024988
1.000000 2.498138 2.417631 0.043990 0.018884
1.000000 2.496013 2.417268 0.042528 0.021083
1.000000 2.493764 2.417969 0.041666 0.021192
1.000000 2.492188 2.416911 0.040282 0.031284
1.000000 2.491148 2.413700 0.039280 0.031075
1.000000 2.489243 2.410598 0.040287 0.020259
1.000000 2.489391 2.413002 0.039879 0.027779
1.000000 2.488879 2.414670 0.039648 0.025027
1.000000 2.489587 2.415805 0.035374 0.023831
1.000000 2.487555 2.413929 0.036956 0.013141
1.000000 2.483235 2.412032 0.036598 0.013399
1.000000 2.483401 2.411838 0.033231 0.022143
1.000000 2.483970 2.412081 0.032662 0.017636
1.000000 2.482004 2.409729 0.035577 0.023660
1.000000 2.481059 2.411345 0.034615 0.018314
1.000000 2.481365 2.413431 0.031961 0.014939
1.000000 2.483168 2.413364 0.031180 0.014983
1.000000 2.484855 2.414071 0.031648 0.020148
1.000000 2.487293 2.415181 0.033449 0.019610
1.000000 2.490261 2.418271 0.033637 0.011289
1.000000 2.491045 2.421466 0.032688 0.013836
1.000000 2.491539 2.422474 0.031676 0.011801
1.000000 2.494004 2.425212 0.030468 0.011321
1.000000 2.494119 2.424784 0.030078 0.017515
1.000000 2.491222 2.425434 0.029443 0.006257
1.000000 2.493602 2.428099 0.027612 0.008677
1.000000 2.492776 2.428845 0.026693 0.002274
1.000000 2.495654 2.428830 0.028641 0.004255
1.000000 2.493663 2.428422 0.028422 0.004325
1.000000 2.492887 2.426344 0.028401 0.012327
1.000000 2.493361 2.426368 0.029381 0.012359
1.000000 2.492328 2.425674 0.028713 0.009622
1.000000 2.490527 2.424377 0.030384 0.012847
1.000000 2.489079 2.424294 0.028217 0.022320
1.000000 2.488894 2.427865 0.026360 0.001143
1.000000 2.488214 2.426393 0.022755 0.002496
1.000000 2.490207 2.429695 0.022120 0.001377
1.000000 2.490667 2.426973 0.025939 0.002942
1.000000 2.490825 2.426387 0.027027 0.014247
1.000000 2.489341 2.423197 0.028422 0.004219
1.000000 2.487115 2.422162 0.029592 0.009178
1.000000 2.486831 2.423550 0.026760 0.003938
1.000000 2.488524 2.425856 0.024163 0.001582
1.000000 2.489091 2.426584 0.024800 0.011005
1.000000 2.488661 2.424763 0.026921 0.009532
1.000000 2.487461 2.421326 0.027577 0.007331
1.000000 2.488195 2.425347 0.027353 0.007541
1.000000 2.484464 2.423401 0.026167 0.008994
1.000000 2.485649 2.424883 0.023447 0.009601
1.000000 2.487640 2.426905 0.022835 0.001615
1.000000 2.486204 2.427022 0.022131 0.012125
1.000000 2.485912 2.423068 0.024030 0.001799
1.000000 2.485305 2.421598 0.025995 0.001185
1.000000 2.479406 2.420623 0.025270 0.001398
1.000000 2.479226 2.421771 0.020002 0.003894
1.000000 2.478272 2.420959 0.020737 0.002577
1.000000 2.479905 2.421783 0.019857 0.002930
1.000000 2.477419 2.417438 0.023958 0.003386
1.000000 2.481483 2.418637 0.023555 0.000428
1.000000 2.482811 2.419588 0.023874 0.010064
1.000000 2.484052 2.416254 0.028936 0.012211
1.000000 2.483633 2.415334 0.031401 0.009899
1.000000 2.486929 2.415684 0.031773 0.015790
1.000000 2.485023 2.414245 0.035048 0.014661
1.000000 2.484688 2.413656 0.033360 0.021769
1.000000 2.484295 2.411636 0.035909 0.024219
1.000000 2.481059 2.411318 0.032998 0.016352
1.000000 2.480975 2.416193 0.029429 0.013514
1.000000 2.478256 2.415908 0.027480 0.008142
1.000000 2.479810 2.415618 0.026518 0.008238
1.000000 2.477495 2.417036 0.024922 0.007498
1.000000 2.482085 2.418356 0.024164 0.004775
1.000000 2.476452 2.413598 0.029063 0.002598
1.000000 2.474725 2.408101 0.030547 0.021327
1.000000 2.473122 2.405716 0.031320 0.022849
1.000000 2.468127 2.406636 0.027668 0.006399
1.000000 2.466777 2.406341 0.023506 0.009598
1.000000 2.466512 2.409302 0.023750 0.008793
1.000000 2.468591 2.411672 0.018770 0.002845
1.000000 2.468807 2.410776 0.021240 0.001888
1.000000 2.468086 2.410847 0.020502 0.001266
1.000000 2.467796 2.410766 0.020751 0.003943
1.000000 2.466721 2.407941 0.021329 0.002236
1.000000 2.466542 2.406160 0.022643 0.002453
1.000000 2.466451 2.404005 0.025053 0.006917
1.000000 2.467638 2.402214 0.027967 0.012185
1.000000 2.464310 2.400321 0.028317 0.009251
1.000000 2.465961 2.399460 0.028962 0.007806
1.000000 2.467981 2.400672 0.028824 0.016237
1.000000 2.469998 2.400879 0.030440 0.007272
1.000000 2.472605 2.402685 0.031386 0.015072
1.000000 2.477216 2.403538 0.035085 0.017345
1.000000 2.476468 2.404692 0.035846 0.021037
1.000000 2.474571 2.402535 0.036297 0.016554
1.000000 2.475775 2.404128 0.033679 0.016633
1.000000 2.476132 2.404192 0.034230 0.011510
1.000000 2.476607 2.402176 0.037613 0.008565
1.000000 2.474223 2.400689 0.036521 0.020961
1.000000 2.472381 2.400507 0.035560 0.017071
1.000000 2.472878 2.400999 0.035384 0.022892
1.000000 2.472255 2.399181 0.035338 0.020934
1.000000 2.470612 2.398574 0.035610 0.018739
1.000000 2.470688 2.395937 0.036605 0.024324
1.000000 2.472703 2.392878 0.039192 0.027466
1.000000 2.471743 2.391826 0.044265 0.018152
1.000000 2.473420 2.391157 0.043948 0.016961
1.000000 2.476550 2.394134 0.043191 0.038275
1.000000 2.475738 2.393976 0.043956 0.036525
1.000000 2.475749 2.394714 0.044843 0.025191
1.000000 2.474977 2.395717 0.043218 0.022260
1.000000 2.475229 2.395739 0.042061 0.026330
1.000000 2.471708 2.392637 0.043398 0.030239
1.000000 2.470345 2.392071 0.041990 0.022103
1.000000 2.470036 2.390104 0.041914 0.026035
1.000000 2.470086 2.390328 0.042323 0.024772
1.000000 2.470206 2.392451 0.042934 0.018585
1.000000 2.469317 2.389004 0.041376 0.027932
1.000000 2.467852 2.389115 0.042759 0.025329
1.000000 2.471086 2.391007 0.041227 0.023620
1.000000 2.469302 2.390314 0.044287 0.020056
1.000000 2.468783 2.389051 0.042096 0.033369
1.000000 2.468009 2.388948 0.041677 0.028533
1.000000 2.467051 2.389515 0.041012 0.018196
1.000000 2.465551 2.388155 0.040731 0.025337
1.000000 2.466103 2.386058 0.040153 0.025691
1.000000 2.468577 2.388272 0.041626 0.025313
1.000000 2.469919 2.390176 0.041994 0.023422
1.000000 2.469445 2.390481 0.042267 0.028361
1.000000 2.470131 2.391773 0.039949 0.019010
1.000000 2.471134 2.391996 0.041358 0.020507
1.000000 2.476268 2.392530 0.043767 0.026615
1.000000 2.476080 2.392585 0.047447 0.028330
1.000000 2.473332 2.392535 0.046317 0.028264
1.000000 2.472795 2.390696 0.044881 0.024248
1.000000 2.472776 2.390085 0.044599 0.024489
1.000000 2.474708 2.389543 0.046874 0.031704
1.000000 2.476646 2.391695 0.046209 0.035100
1.000000 2.475125 2.387007 0.049586 0.032611
1.000000 2.475493 2.389824 0.049255 0.028971
1.000000 2.476036 2.390335 0.047205 0.031741
1.000000 2.475543 2.392504 0.046445 0.025897
1.000000 2.472386 2.392299 0.043052 0.032330
1.000000 2.471168 2.393033 0.042466 0.019913
1.000000 2.469253 2.392696 0.040194 0.025478
1.000000 2.469250 2.391477 0.039819 0.019948
1.000000 2.469618 2.394285 0.038321 0.015539
1.000000 2.467049 2.392882 0.038400 0.026852
1.000000 2.466086 2.393006 0.036254 0.016553
1.000000 2.466779 2.391461 0.036426 0.011344
1.000000 2.467371 2.390802 0.038886 0.009931
1.000000 2.467870 2.391958 0.039291 0.033640
1.000000 2.466430 2.391345 0.041659 0.017808
1.000000 2.464240 2.393957 0.034507 0.027421
1.000000 2.466017 2.394068 0.034382 0.015256
1.000000 2.466434 2.394537 0.034343 0.022566
1.000000 2.465288 2.394905 0.034145 0.010317
1.000000 2.469391 2.401462 0.029788 0.011145
1.000000 2.471816 2.404133 0.028854 0.013888
1.000000 2.474445 2.404563 0.031654 0.011998
1.000000 2.474075 2.404543 0.031763 0.016142
1.000000 2.472518 2.405050 0.031084 0.015367
1.000000 2.475108 2.407324 0.030436 0.014230
1.000000 2.473053 2.406236 0.030012 0.009647
1.000000 2.470989 2.405199 0.029643 0.010229
1.000000 2.473172 2.407518 0.028112 0.012002
1.000000 2.472786 2.409893 0.027902 0.010443
1.000000 2.474038 2.411173 0.024886 0.008312
1.000000 2.471156 2.408397 0.026833 0.008365
1.000000 2.469019 2.408260 0.024520 0.007494
1.000000 2.469748 2.408200 0.023977 0.007080
1.000000 2.469847 2.409967 0.022418 0.007838
1.000000 2.472029 2.410558 0.023296 0.000131
1.000000 2.472278 2.412733 0.022042 0.003148
1.000000 2.470547 2.412391 0.023126 0.003517
1.000000 2.470288 2.411201 0.022207 0.006450
1.000000 2.472383 2.411755 0.022524 0.005693
1.000000 2.473961 2.413414 0.022172 0.013237
1.000000 2.473809 2.414603 0.022840 0.002956
1.000000 2.472308 2.413643 0.021885 0.004924
1.000000 2.470536 2.412189 0.022058 0.003793
1.000000 2.469740 2.410929 0.021383 0.006059
1.000000 2.472779 2.411230 0.023097 0.000270
1.000000 2.473675 2.410341 0.026685 0.005502
1.000000 2.474383 2.409281 0.026914 0.009765
1.000000 2.475099 2.407873 0.027739 0.007223
1.000000 2.477399 2.406089 0.032172 0.009889
1.000000 2.471090 2.401322 0.035803 0.018113
1.000000 2.470676 2.399247 0.034315 0.015787
1.000000 2.471258 2.399975 0.034756 0.014778
1.000000 2.469072 2.396189 0.035513 0.019147
1.000000 2.468276 2.394578 0.036078 0.012837
1.000000 2.468212 2.394894 0.037169 0.015197
1.000000 2.469656 2.397908 0.034544 0.013655
1.000000 2.468692 2.398846 0.033127 0.009390
1.000000 2.468537 2.398885 0.033190 0.008683
1.000000 2.470190 2.398150 0.032637 0.016342
1.000000 2.470606 2.398089 0.035633 0.009598
1.000000 2.469054 2.394277 0.036420 0.035664
1.000000 2.467105 2.394404 0.038455 0.010405
1.000000 2.466959 2.390697 0.037572 0.029431
1.000000 2.468531 2.392231 0.038914 0.021024
1.000000 2.469935 2.394914 0.037409 0.016660
1.000000 2.468966 2.394859 0.037547 0.025306
1.000000 2.466276 2.394907 0.035432 0.025286
1.000000 2.468262 2.394490 0.036084 0.026895
1.000000 2.470437 2.396588 0.036640 0.007791
1.000000 2.472921 2.397627 0.036887 0.014370
1.000000 2.472892 2.397727 0.041321 0.019646
1.000000 2.471084 2.393953 0.040364 0.023967
1.000000 2.468028 2.392840 0.039855 0.024604
1.000000 2.469060 2.392657 0.037611 0.022366
1.000000 2.469097 2.391837 0.041218 0.022913
1.000000 2.467665 2.392644 0.038890 0.022371
1.000000 2.468637 2.393814 0.037206 0.018216
1.000000 2.469016 2.393445 0.037833 0.016988
1.000000 2.470687 2.395006 0.037540 0.019945
1.000000 2.471220 2.394363 0.039016 0.023639
1.000000 2.471548 2.393966 0.040287 0.024753
1.000000 2.474679 2.394438 0.041354 0.024035
1.000000 2.476371 2.395075 0.042614 0.023285
1.000000 2.476345 2.393892 0.045217 0.018294
1.000000 2.475418 2.390035 0.047005 0.027073
1.000000 2.475390 2.389648 0.047853 0.041882
1.000000 2.474419 2.391647 0.047710 0.017028
1.000000 2.473698 2.391929 0.047288 0.021865
1.000000 2.470677 2.389976 0.044705 0.025584
1.000000 2.472109 2.391170 0.042945 0.025749
1.000000 2.473606 2.392300 0.043960 0.021285
1.000000 2.475988 2.393676 0.044732 0.017325
1.000000 2.477142 2.394249 0.045457 0.026169
1.000000 2.476804 2.394601 0.045624 0.023729
1.000000 2.475824 2.394529 0.043992 0.026407
1.000000 2.475895 2.394405 0.044194 0.035454
1.000000 2.471269 2.394922 0.041364 0.029829
1.000000 2.471479 2.394507 0.039844 0.013706
1.000000 2.471188 2.396400 0.038876 0.022097
1.000000 2.470212 2.395849 0.036770 0.018631
1.000000 2.472099 2.396814 0.038480 0.018258
1.000000 2.472612 2.393519 0.040580 0.022459
1.000000 2.472208 2.393866 0.041303 0.017634
1.000000 2.472313 2.393803 0.041455 0.017495
1.000000 2.472144 2.393605 0.041463 0.020193
1.000000 2.472346 2.391351 0.041743 0.028863
1.000000 2.472183 2.390007 0.045987 0.020876
1.000000 2.471940 2.388496 0.047197 0.028264
1.000000 2.471423 2.389706 0.045083 0.031144
1.000000 2.471245 2.390216 0.044903 0.020764
1.000000 2.471181 2.387433 0.045881 0.032632
1.000000 2.469499 2.386887 0.047474 0.031855
1.000000 2.470142 2.388335 0.044226 0.029869
1.000000 2.466549 2.388097 0.043240 0.024792
1.000000 2.468607 2.390311 0.039028 0.022310
1.000000 2.468992 2.393768 0.039142 0.019804
1.000000 2.469412 2.392539 0.039952 0.024092
1.000000 2.469176 2.392760 0.040743 0.018417
1.000000 2.470283 2.394959 0.038462 0.015530
1.000000 2.470657 2.394410 0.036251 0.022240
1.000000 2.471079 2.392067 0.040490 0.019423
1.000000 2.471378 2.393293 0.041840 0.020949
1.000000 2.473818 2.394716 0.040372 0.026963
1.000000 2.470955 2.393527 0.042563 0.021962
1.000000 2.470785 2.393610 0.039355 0.028367
1.000000 2.471502 2.392663 0.039514 0.016284
1.000000 2.470230 2.390139 0.043077 0.018361
1.000000 2.468665 2.391929 0.041841 0.028855
1.000000 2.467387 2.390666 0.040181 0.018714
1.000000 2.466877 2.389063 0.039298 0.016544
1.000000 2.463013 2.387803 0.040653 0.015848
1.000000 2.461288 2.385708 0.039062 0.018588
1.000000 2.459744 2.382855 0.039895 0.024473
1.000000 2.459763 2.387414 0.037468 0.016329
1.000000 2.459621 2.386354 0.035809 0.015786
1.000000 2.456842 2.386429 0.035758 0.023508
1.000000 2.456736 2.388748 0.030221 0.010178
1.000000 2.455897 2.385718 0.032061 0.006334
1.000000 2.455277 2.384131 0.034197 0.019098
1.000000 2.453519 2.383254 0.034116 0.007943
1.000000 2.457083 2.386189 0.031795 0.014778
1.000000 2.457950 2.387164 0.033533 0.015277
1.000000 2.457517 2.386125 0.034312 0.015770
1.000000 2.458134 2.383700 0.035358 0.019642
1.000000 2.454077 2.378933 0.038788 0.019941
1.000000 2.452187 2.378979 0.038479 0.013759
1.000000 2.453130 2.380457 0.034215 0.021533
1.000000 2.453585 2.380898 0.034724 0.020837
1.000000 2.453497 2.379287 0.035669 0.013642
1.000000 2.448952 2.379978 0.035120 0.020033
1.000000 2.449551 2.383048 0.028603 0.013861
1.000000 2.448541 2.382018 0.028919 0.008725
1.000000 2.449331 2.382220 0.029719 0.008330
1.000000 2.449363 2.383871 0.029094 0.012403
1.000000 2.450144 2.383803 0.028621 0.004787
1.000000 2.450194 2.384251 0.027809 0.004410
1.000000 2.449546 2.384364 0.027948 0.008635
1.000000 2.446581 2.383782 0.026573 0.000659
1.000000 2.444855 2.379981 0.026693 0.016124
1.000000 2.444539 2.376136 0.030614 0.011339
1.000000 2.446390 2.375124 0.032188 0.008241
1.000000 2.445501 2.373204 0.035125 0.010879
1.000000 2.446735 2.372699 0.035800 0.026085
1.000000 2.445487 2.373397 0.035371 0.017593
1.000000 2.445642 2.372384 0.035982 0.016342
1.000000 2.445883 2.373000 0.035151 0.020938
1.000000 2.448343 2.373958 0.035571 0.013786
1.000000 2.448257 2.375922 0.035477 0.015221
1.000000 2.446959 2.376077 0.033192 0.024318
1.000000 2.450216 2.378784 0.033802 0.011189
1.000000 2.448779 2.379394 0.033343 0.010266
1.000000 2.454895 2.385394 0.030541 0.007913
1.000000 2.452572 2.383607 0.033145 0.014317
1.000000 2.448902 2.383106 0.031294 0.015263
1.000000 2.454093 2.383723 0.030827 0.017577
1.000000 2.458369 2.389030 0.030390 0.009461
1.000000 2.455736 2.391406 0.030504 0.008729
1.000000 2.457023 2.394081 0.023724 0.007270
1.000000 2.451398 2.387263 0.029907 0.005624
1.000000 2.450712 2.387919 0.026784 0.004947
1.000000 2.449978 2.386275 0.024704 0.006695
1.000000 2.449926 2.386456 0.026639 0.001956
1.000000 2.446724 2.386146 0.024917 0.007007
1.000000 2.447807 2.385584 0.024726 0.007177
1.000000 2.447280 2.383359 0.026817 0.005066
1.000000 2.445731 2.380930 0.027553 0.005740
1.000000 2.447466 2.383339 0.026076 0.007271
1.000000 2.445903 2.381543 0.026719 0.006904
1.000000 2.447201 2.383357 0.026855 0.002808
1.000000 2.449002 2.383366 0.027724 0.004507
1.000000 2.452324 2.384040 0.029440 0.008434
1.000000 2.447994 2.379084 0.034065 0.017427
1.000000 2.445197 2.375374 0.033503 0.020765
1.000000 2.443108 2.373731 0.032600 0.023138
1.000000 2.442100 2.375408 0.032376 0.010976
1.000000 2.439842 2.372965 0.031662 0.008824
1.000000 2.437704 2.369499 0.031233 0.006118
1.000000 2.437460 2.369241 0.031172 0.010139
1.000000 2.436497 2.369286 0.030656 0.010526
1.000000 2.436181 2.368438 0.031110 0.011347
1.000000 2.437541 2.370026 0.029358 0.009810
1.000000 2.437539 2.368582 0.031295 0.014384
1.000000 2.440046 2.369774 0.030014 0.013052
1.000000 2.438361 2.369733 0.033021 0.003681
1.000000 2.438705 2.367645 0.031954 0.023402
1.000000 2.439167 2.369256 0.032874 0.007304
1.000000 2.439015 2.368885 0.032576 0.009019
1.000000 2.435507 2.369943 0.031972 0.010119
1.000000 2.435392 2.369752 0.027067 0.008671
1.000000 2.435375 2.369946 0.028424 0.009399
1.000000 2.436619 2.369162 0.029566 0.013096
1.000000 2.436814 2.369968 0.030880 0.013047
1.000000 2.439044 2.368798 0.029302 0.023198
1.000000 2.439635 2.372388 0.030644 0.023387
1.000000 2.438948 2.372035 0.029487 0.021531
1.000000 2.441783 2.374254 0.029055 0.008464
1.000000 2.442314 2.372938 0.031768 0.007157
1.000000 2.441359 2.372919 0.030486 0.007119
1.000000 2.440579 2.370738 0.032201 0.020992
1.000000 2.441510 2.372392 0.032204 0.016102
1.000000 2.442155 2.371497 0.031818 0.018820
1.000000 2.442492 2.370227 0.033920 0.016484
1.000000 2.442640 2.371985 0.034762 0.011917
1.000000 2.441968 2.372131 0.033394 0.015334
1.000000 2.444773 2.377578 0.030524 0.008758
1.000000 2.446688 2.376030 0.030496 0.006169
1.000000 2.447032 2.376529 0.033866 0.006110
1.000000 2.444748 2.376088 0.032721 0.020357
1.000000 2.444768 2.375074 0.032767 0.013822
1.000000 2.444437 2.374127 0.033548 0.013125
1.000000 2.443488 2.372281 0.032810 0.023199
1.000000 2.446087 2.375164 0.033245 0.005511
1.000000 2.448644 2.374230 0.035570 0.012385
1.000000 2.449210 2.374506 0.037654 0.011502
1.000000 2.449245 2.374084 0.037226 0.012488
1.000000 2.451805 2.373405 0.038530 0.026149
1.000000 2.451799 2.372884 0.042299 0.019188
1.000000 2.450989 2.373320 0.041272 0.021567
1.000000 2.451629 2.372837 0.040513 0.024664
1.000000 2.451874 2.372084 0.043398 0.028241
1.000000 2.454381 2.373004 0.041621 0.021305
1.000000 2.453070 2.368218 0.046658 0.022970
1.000000 2.452992 2.368452 0.047095 0.028302
1.000000 2.452208 2.370318 0.046136 0.031384
1.000000 2.452819 2.369909 0.045426 0.029083
1.000000 2.453099 2.371335 0.045566 0.032141
1.000000 2.454842 2.370477 0.045320 0.030616
1.000000 2.455053 2.369897 0.046997 0.032589
1.000000 2.454375 2.369838 0.048050 0.026175
1.000000 2.458316 2.373387 0.045824 0.025762
1.000000 2.458501 2.373710 0.047757 0.025414
1.000000 2.460511 2.376894 0.045607 0.025068
1.000000 2.462601 2.376884 0.046485 0.021995
1.000000 2.462080 2.376912 0.047660 0.023816
1.000000 2.462516 2.377629 0.047424 0.038186
1.000000 2.462177 2.377415 0.048223 0.024657
1.000000 2.455302 2.374301 0.047111 0.034382
1.000000 2.452048 2.369342 0.046361 0.023097
1.000000 2.453243 2.369404 0.046000 0.020291
1.000000 2.452424 2.365863 0.048857 0.041774
1.000000 2.449294 2.365196 0.048631 0.033452
1.000000 2.449876 2.365329 0.048908 0.015603
1.000000 2.449617 2.367823 0.045497 0.021618
1.000000 2.448610 2.364869 0.046335 0.021019
1.000000 2.449265 2.364488 0.046562 0.025055
1.000000 2.447896 2.364723 0.046417 0.038771
1.000000 2.447076 2.364242 0.045734 0.034471
1.000000 2.449784 2.368200 0.043735 0.020165
1.000000 2.450548 2.368345 0.044910 0.020504
1.000000 2.448511 2.368122 0.044074 0.017097
1.000000 2.451272 2.370560 0.041821 0.024294
1.000000 2.451546 2.370375 0.044496 0.015985
1.000000 2.451513 2.369834 0.045458 0.021665
1.000000 2.452756 2.368852 0.045190 0.023609
1.000000 2.454760 2.369118 0.047343 0.048483
1.000000 2.448482 2.364483 0.049909 0.030819
1.000000 2.450322 2.368114 0.044245 0.028012
1.000000 2.449771 2.370291 0.044703 0.028500
1.000000 2.446204 2.368818 0.042460 0.019296
1.000000 2.448272 2.371911 0.038196 0.020801
1.000000 2.445774 2.370510 0.038189 0.012317
1.000000 2.444249 2.370526 0.036270 0.012410
1.000000 2.447602 2.370530 0.038530 0.023263
1.000000 2.446780 2.369866 0.039217 0.019231
1.000000 2.448364 2.371298 0.038544 0.017697
1.000000 2.449516 2.370735 0.039084 0.025883
1.000000 2.444601 2.371162 0.037133 0.025467
1.000000 2.445758 2.372016 0.036236 0.014096
1.000000 2.445681 2.372888 0.036134 0.012970
1.000000 2.445791 2.373202 0.036187 0.012401
1.000000 2.442823 2.373150 0.034306 0.010182
1.000000 2.437915 2.369084 0.034647 0.019954
1.000000 2.438913 2.372264 0.029690 0.012783
1.000000 2.438913 2.373137 0.028509 0.007251
1.000000 2.438970 2.374713 0.027711 0.009397
1.000000 2.437519 2.370559 0.028945 0.012281
1.000000 2.436612 2.368794 0.030616 0.010917
1.000000 2.435567 2.369685 0.030561 0.011772
1.000000 2.435820 2.368240 0.030051 0.005790
1.000000 2.438609 2.370044 0.030033 0.016199
1.000000 2.441193 2.371267 0.032914 0.018471
1.000000 2.439286 2.372501 0.031932 0.013102
1.000000 2.437190 2.368876 0.032477 0.011938
1.000000 2.436564 2.363996 0.033667 0.015390
1.000000 2.437238 2.366101 0.033409 0.021000
1.000000 2.440400 2.367536 0.033205 0.014032
1.000000 2.440202 2.365532 0.038462 0.015036
1.000000 2.441948 2.363701 0.037815 0.024556
1.000000 2.439916 2.363576 0.039560 0.018370
1.000000 2.438624 2.362597 0.038354 0.023973
1.000000 2.437024 2.363552 0.037268 0.017344
1.000000 2.433307 2.361391 0.036885 0.028697
1.000000 2.432263 2.360150 0.035272 0.010830
1.000000 2.433965 2.360018 0.034769 0.020793
1.000000 2.435676 2.359952 0.037620 0.015877
1.000000 2.437961 2.358532 0.041180 0.015709
1.000000 2.436665 2.359115 0.042119 0.017713
1.000000 2.433901 2.356700 0.040532 0.019484
1.000000 2.433542 2.358163 0.037733 0.025913
1.000000 2.434035 2.355019 0.039450 0.025887
1.000000 2.434486 2.357642 0.039348 0.023237
1.000000 2.434968 2.355794 0.039508 0.020673
1.000000 2.438016 2.358813 0.040226 0.026173
1.000000 2.437264 2.361426 0.039474 0.023829
1.000000 2.440011 2.361571 0.039124 0.017522
1.000000 2.437656 2.360058 0.041554 0.015224
1.000000 2.441075 2.360888 0.041284 0.024469
1.000000 2.442195 2.362787 0.041906 0.023815
1.000000 2.442169 2.362134 0.043458 0.021181
1.000000 2.441202 2.361826 0.043077 0.018983
1.000000 2.444078 2.363658 0.041194 0.034895
1.000000 2.443628 2.363954 0.042846 0.017997
1.000000 2.446416 2.365828 0.042555 0.018798
1.000000 2.446877 2.363899 0.044049 0.027042
1.000000 2.446673 2.363604 0.044021 0.024426
1.000000 2.447520 2.362387 0.047653 0.029168
1.000000 2.447239 2.361265 0.048192 0.028574
1.000000 2.447584 2.359390 0.050734 0.025035
1.000000 2.447361 2.359488 0.050898 0.034053
1.000000 2.448944 2.361728 0.049327 0.033181
1.000000 2.448686 2.362768 0.049443 0.028722
1.000000 2.448638 2.362729 0.047732 0.030366
1.000000 2.450711 2.363665 0.048130 0.032095
1.000000 2.452724 2.365419 0.049036 0.030771
1.000000 2.453530 2.365862 0.049740 0.030768
1.000000 2.453104 2.364272 0.053056 0.030587
1.000000 2.452527 2.364499 0.051610 0.033236
1.000000 2.452081 2.363044 0.050627 0.037690
1.000000 2.453013 2.363671 0.052063 0.036202
1.000000 2.456113 2.363831 0.052545 0.032686
1.000000 2.457172 2.368320 0.052250 0.033245
1.000000 2.458438 2.370801 0.051032 0.036764
1.000000 2.462349 2.374171 0.050183 0.029503
1.000000 2.464016 2.373610 0.052231 0.030279
1.000000 2.467445 2.376416 0.052882 0.031301
1.000000 2.468745 2.376534 0.052332 0.039630
1.000000 2.466899 2.377047 0.054470 0.028446
1.000000 2.469913 2.377942 0.052930 0.046744
1.000000 2.468972 2.376964 0.055814 0.031345
1.000000 2.467513 2.377435 0.053001 0.035184
1.000000 2.465526 2.377637 0.052988 0.030211
1.000000 2.464273 2.377953 0.049907 0.026604
1.000000 2.464100 2.379062 0.048032 0.026661
1.000000 2.464102 2.378309 0.047681 0.037152
1.000000 2.463183 2.376574 0.048773 0.033842
1.000000 2.460564 2.373070 0.050062 0.036615
1.000000 2.460936 2.373280 0.051766 0.030369
1.000000 2.462341 2.374072 0.049859 0.032802
1.000000 2.463611 2.376355 0.049877 0.030410
1.000000 2.461499 2.374381 0.050798 0.034136
1.000000 2.462165 2.377420 0.048960 0.031837
1.000000 2.462481 2.375406 0.049182 0.031088
1.000000 2.460931 2.373895 0.050568 0.035076
1.000000 2.464605 2.376282 0.049748 0.033435
1.000000 2.465391 2.377941 0.050800 0.029605
1.000000 2.465859 2.379747 0.051655 0.041278
1.000000 2.465945 2.378983 0.052625 0.030319
1.000000 2.471275 2.381133 0.051796 0.034105
1.000000 2.472795 2.383385 0.050485 0.031280
1.000000 2.472983 2.381872 0.053393 0.035394
1.000000 2.471497 2.384279 0.053480 0.030914
1.000000 2.470346 2.385217 0.049274 0.030280
1.000000 2.470248 2.384376 0.047711 0.031365
1.000000 2.473822 2.384131 0.051437 0.031292
1.000000 2.471766 2.383663 0.053226 0.028550
1.000000 2.471663 2.386306 0.048437 0.037612
1.000000 2.473028 2.388380 0.048906 0.037723
1.000000 2.469967 2.384068 0.050732 0.024108
1.000000 2.471206 2.388064 0.046711 0.022761
1.000000 2.474052 2.391073 0.044116 0.022526
1.000000 2.478097 2.392609 0.047108 0.027151
1.000000 2.479879 2.392231 0.049207 0.030635
1.000000 2.478398 2.392340 0.050233 0.025964
1.000000 2.479415 2.392855 0.049926 0.033251
1.000000 2.477390 2.391974 0.049436 0.029066
1.000000 2.477004 2.392276 0.047286 0.033460
1.000000 2.475981 2.391440 0.046161 0.023522
1.000000 2.475905 2.392173 0.046647 0.037411
1.000000 2.475582 2.389140 0.047119 0.034185
1.000000 2.474545 2.390797 0.047406 0.033784
1.000000 2.472507 2.390035 0.047694 0.031009
1.000000 2.475006 2.392738 0.042925 0.030700
1.000000 2.473878 2.391586 0.045039 0.029233
1.000000 2.473141 2.391659 0.044842 0.026240
1.000000 2.472211 2.395083 0.042156 0.028169
1.000000 2.475104 2.400019 0.038232 0.011916
1.000000 2.476123 2.399920 0.038184 0.024248
1.000000 2.477242 2.401406 0.038719 0.021036
1.000000 2.476993 2.401441 0.041546 0.025424
1.000000 2.477735 2.398793 0.040236 0.024948
1.000000 2.475583 2.396743 0.043354 0.025107
1.000000 2.473407 2.396052 0.041477 0.013933
1.000000 2.472648 2.395860 0.040175 0.018911
1.000000 2.473159 2.396095 0.040670 0.019951
1.000000 2.474006 2.397045 0.039868 0.023087
1.000000 2.476147 2.397627 0.041144 0.019354
1.000000 2.473668 2.397778 0.040835 0.021439
1.000000 2.475323 2.398317 0.039295 0.024410
1.000000 2.474526 2.399056 0.038706 0.020566
1.000000 2.476007 2.399848 0.038281 0.017366
1.000000 2.476618 2.398018 0.040216 0.024670
1.000000 2.473068 2.397138 0.039574 0.021616
1.000000 2.471183 2.395933 0.038838 0.021323
1.000000 2.471009 2.393943 0.039845 0.021515
1.000000 2.470149 2.394972 0.038848 0.019304
1.000000 2.469623 2.393856 0.037869 0.018753
1.000000 2.469257 2.394011 0.037731 0.015371
1.000000 2.472445 2.395587 0.037622 0.018088
1.000000 2.473456 2.392967 0.041960 0.020954
1.000000 2.474479 2.395650 0.041902 0.026807
1.000000 2.473036 2.395472 0.042228 0.019364
1.000000 2.473774 2.396160 0.041498 0.025165
1.000000 2.473412 2.396554 0.041715 0.023875
1.000000 2.473590 2.397816 0.039307 0.025407
1.000000 2.476030 2.397075 0.038676 0.018812
1.000000 2.475294 2.397020 0.042647 0.016074
1.000000 2.475452 2.397005 0.040841 0.032746
1.000000 2.476298 2.400215 0.041157 0.027436
1.000000 2.474559 2.397086 0.041903 0.030162
1.000000 2.474021 2.397274 0.039233 0.032821
1.000000 2.472436 2.396673 0.040020 0.012717
1.000000 2.473560 2.396667 0.039778 0.017993
1.000000 2.473888 2.397253 0.039402 0.017181
1.000000 2.474013 2.399621 0.038524 0.017135
1.000000 2.474644 2.401681 0.036250 0.019206
1.000000 2.473968 2.402476 0.034411 0.023922
1.000000 2.471395 2.401101 0.034056 0.023377
1.000000 2.471341 2.399393 0.034399 0.019370
1.000000 2.471189 2.395069 0.036729 0.018133
1.000000 2.473059 2.394646 0.042135 0.021133
1.000000 2.473132 2.395925 0.040832 0.024863
1.000000 2.473779 2.395854 0.040205 0.019707
1.000000 2.468696 2.391412 0.042507 0.032098
1.000000 2.467330 2.392693 0.039717 0.012646
1.000000 2.467399 2.391983 0.037133 0.014865
1.000000 2.466405 2.390483 0.038511 0.025033
1.000000 2.467873 2.390482 0.039041 0.019305
1.000000 2.466611 2.390502 0.040272 0.019094
1.000000 2.463403 2.388532 0.039102 0.018846
1.000000 2.468215 2.389164 0.039313 0.019644
1.000000 2.462587 2.385175 0.044071 0.016556
1.000000 2.459664 2.378063 0.043585 0.033059
1.000000 2.462398 2.379257 0.045093 0.027476
1.000000 2.461268 2.379023 0.046784 0.027800
1.000000 2.461200 2.378932 0.045622 0.030192
1.000000 2.460619 2.377514 0.045454 0.029889
1.000000 2.460365 2.375366 0.047381 0.030821
1.000000 2.461204 2.378126 0.046235 0.036135
1.000000 2.459880 2.378975 0.045227 0.021554
