1.000000 2.428803 2.382564
1.000000 2.428865 2.382618
1.000000 2.428897 2.382675
1.000000 2.428898 2.382693
1.000000 2.428903 2.382694
1.000000 2.428945 2.382694
1.000000 2.428995 2.382757
1.000000 2.428995 2.382764
1.000000 2.428996 2.382780
1.000000 2.429012 2.382793
1.000000 2.429059 2.382815
1.000000 2.429072 2.382840
1.000000 2.429071 2.382841
1.000000 2.429091 2.382855
1.000000 2.429086 2.382855
1.000000 2.429096 2.382877
1.000000 2.429101 2.382883
1.000000 2.429138 2.382906
1.000000 2.429170 2.382950
1.000000 2.429229 2.382973
1.000000 2.429240 2.383015
1.000000 2.429258 2.383058
1.000000 2.429285 2.383058
1.000000 2.429286 2.383059
1.000000 2.429290 2.383062
1.000000 2.429292 2.383065
1.000000 2.429308 2.383074
1.000000 2.429390 2.383135
1.000000 2.429488 2.383221
1.000000 2.429498 2.383284
1.000000 2.429513 2.383288
1.000000 2.429543 2.383305
1.000000 2.429579 2.383343
1.000000 2.429609 2.383376
1.000000 2.429658 2.383413
1.000000 2.429645 2.383426
1.000000 2.429666 2.383449
1.000000 2.429679 2.383453
1.000000 2.429685 2.383459
1.000000 2.429712 2.383506
1.000000 2.429743 2.383512
1.000000 2.429735 2.383516
1.000000 2.429759 2.383541
1.000000 2.429782 2.383559
1.000000 2.429839 2.383595
1.000000 2.429840 2.383617
1.000000 2.429888 2.383661
1.000000 2.429906 2.383682
1.000000 2.429906 2.383684
1.000000 2.429949 2.383721
1.000000 2.429986 2.383761
1.000000 2.430002 2.383796
1.000000 2.430064 2.383815
1.000000 2.430076 2.383853
1.000000 2.430113 2.383878
1.000000 2.430124 2.383909
1.000000 2.430134 2.383946
1.000000 2.430149 2.383940
1.000000 2.430149 2.383972
1.000000 2.430183 2.383953
1.000000 2.430203 2.383977
1.000000 2.430268 2.384030
1.000000 2.430298 2.384083
1.000000 2.430379 2.384123
1.000000 2.430475 2.384225
1.000000 2.430491 2.384270
1.000000 2.430491 2.384278
1.000000 2.430524 2.384295
1.000000 2.430607 2.384353
1.000000 2.430622 2.384405
1.000000 2.430667 2.384434
1.000000 2.430668 2.384461
1.000000 2.430690 2.384484
1.000000 2.430715 2.384495
1.000000 2.430720 2.384525
1.000000 2.430767 2.384533
1.000000 2.430744 2.384541
1.000000 2.430775 2.384560
1.000000 2.430865 2.384617
1.000000 2.430892 2.384681
1.000000 2.430896 2.384704
1.000000 2.430906 2.384709
1.000000 2.430925 2.384721
1.000000 2.430934 2.384747
1.000000 2.430936 2.384751
1.000000 2.430955 2.384753
1.000000 2.430955 2.384762
1.000000 2.431012 2.384775
1.000000 2.430978 2.384783
1.000000 2.430986 2.384806
1.000000 2.430986 2.384800
1.000000 2.431031 2.384805
1.000000 2.431057 2.384872
1.000000 2.431064 2.384875
1.000000 2.431083 2.384885
1.000000 2.431131 2.384899
1.000000 2.431133 2.384925
1.000000 2.431209 2.384970
1.000000 2.431339 2.385075
1.000000 2.431483 2.385232
1.000000 2.536341 2.502036
1.000000 2.536323 2.502017
1.000000 2.536322 2.502002
1.000000 2.536317 2.502003
1.000000 2.536299 2.501999
1.000000 2.536275 2.501989
1.000000 2.536236 2.501936
1.000000 2.536218 2.501918
1.000000 2.536178 2.501893
1.000000 2.536168 2.501858
1.000000 2.536167 2.501853
1.000000 2.536151 2.501849
1.000000 2.536139 2.501829
1.000000 2.536108 2.501815
1.000000 2.536087 2.501765
1.000000 2.536056 2.501766
1.000000 2.536056 2.501757
1.000000 2.536028 2.501726
1.000000 2.536021 2.501717
1.000000 2.535999 2.501710
1.000000 2.535966 2.501674
1.000000 2.535953 2.501650
1.000000 2.535917 2.501625
1.000000 2.535903 2.501606
1.000000 2.535850 2.501563
1.000000 2.535848 2.501545
1.000000 2.535820 2.501528
1.000000 2.535817 2.501517
1.000000 2.535773 2.501476
1.000000 2.535759 2.501463
1.000000 2.535715 2.501414
1.000000 2.535702 2.501393
1.000000 2.535668 2.501379
1.000000 2.535654 2.501347
1.000000 2.535622 2.501326
1.000000 2.535543 2.501278
1.000000 2.535524 2.501212
1.000000 2.535502 2.501187
1.000000 2.535483 2.501177
1.000000 2.535480 2.501140
1.000000 2.535472 2.501143
1.000000 2.535454 2.501148
1.000000 2.535445 2.501142
1.000000 2.535445 2.501140
1.000000 2.535427 2.501120
1.000000 2.535427 2.501094
1.000000 2.535400 2.501100
1.000000 2.535390 2.501057
1.000000 2.535364 2.501060
1.000000 2.535334 2.501033
1.000000 2.535268 2.500993
1.000000 2.535265 2.500951
1.000000 2.535239 2.500938
1.000000 2.535238 2.500925
1.000000 2.535233 2.500907
1.000000 2.535230 2.500906
1.000000 2.535201 2.500902
1.000000 2.535191 2.500881
1.000000 2.535180 2.500867
1.000000 2.535176 2.500867
1.000000 2.535173 2.500850
1.000000 2.535171 2.500842
1.000000 2.535143 2.500843
1.000000 2.535066 2.500791
1.000000 2.535081 2.500789
1.000000 2.535061 2.500728
1.000000 2.535039 2.500733
1.000000 2.535009 2.500714
1.000000 2.534926 2.500647
1.000000 2.534884 2.500580
1.000000 2.534873 2.500562
1.000000 2.534845 2.500539
1.000000 2.534851 2.500538
1.000000 2.534811 2.500511
1.000000 2.534782 2.500484
1.000000 2.534774 2.500459
1.000000 2.534754 2.500451
1.000000 2.534731 2.500431
1.000000 2.534724 2.500398
1.000000 2.534718 2.500392
1.000000 2.534715 2.500385
1.000000 2.534704 2.500385
1.000000 2.534656 2.500366
1.000000 2.534579 2.500299
1.000000 2.534554 2.500208
1.000000 2.534503 2.500214
1.000000 2.534505 2.500203
1.000000 2.534491 2.500148
1.000000 2.534478 2.500153
1.000000 2.534430 2.500140
1.000000 2.534462 2.500135
1.000000 2.534428 2.500130
1.000000 2.534424 2.500107
1.000000 2.534409 2.500082
1.000000 2.534391 2.500081
1.000000 2.534383 2.500064
1.000000 2.534353 2.500052
1.000000 2.534357 2.500042
1.000000 2.534353 2.500035
1.000000 2.534317 2.500012
