1.000000000000000000e+00 1.000000000000000000e+00 2.428802999999999823e+00 2.382563999999999904e+00
1.000000000000000000e+00 1.000000000000000000e+00 2.428865000000000052e+00 2.382617999999999903e+00
1.000000000000000000e+00 1.000000000000000000e+00 2.428897000000000084e+00 2.382674999999999876e+00
1.000000000000000000e+00 1.000000000000000000e+00 2.428897999999999779e+00 2.382693000000000172e+00
1.000000000000000000e+00 1.000000000000000000e+00 2.428903000000000034e+00 2.382693999999999868e+00
1.000000000000000000e+00 1.000000000000000000e+00 2.428945000000000132e+00 2.382693999999999868e+00
1.000000000000000000e+00 1.000000000000000000e+00 2.428995000000000015e+00 2.382756999999999792e+00
1.000000000000000000e+00 1.000000000000000000e+00 2.428995000000000015e+00 2.382763999999999882e+00
1.000000000000000000e+00 1.000000000000000000e+00 2.428996000000000155e+00 2.382779999999999898e+00
1.000000000000000000e+00 1.000000000000000000e+00 2.429012000000000171e+00 2.382792999999999939e+00
1.000000000000000000e+00 1.000000000000000000e+00 2.429059000000000079e+00 2.382814999999999905e+00
1.000000000000000000e+00 1.000000000000000000e+00 2.429072000000000120e+00 2.382839999999999847e+00
1.000000000000000000e+00 1.000000000000000000e+00 2.429070999999999980e+00 2.382840999999999987e+00
1.000000000000000000e+00 1.000000000000000000e+00 2.429091000000000111e+00 2.382855000000000167e+00
1.000000000000000000e+00 1.000000000000000000e+00 2.429085999999999856e+00 2.382855000000000167e+00
1.000000000000000000e+00 1.000000000000000000e+00 2.429095999999999922e+00 2.382877000000000134e+00
1.000000000000000000e+00 1.000000000000000000e+00 2.429101000000000177e+00 2.382883000000000084e+00
1.000000000000000000e+00 1.000000000000000000e+00 2.429138000000000019e+00 2.382906000000000191e+00
1.000000000000000000e+00 1.000000000000000000e+00 2.429170000000000051e+00 2.382950000000000124e+00
1.000000000000000000e+00 1.000000000000000000e+00 2.429228999999999861e+00 2.382972999999999786e+00
1.000000000000000000e+00 1.000000000000000000e+00 2.429240000000000066e+00 2.383014999999999883e+00
1.000000000000000000e+00 1.000000000000000000e+00 2.429257999999999917e+00 2.383058000000000121e+00
1.000000000000000000e+00 1.000000000000000000e+00 2.429285000000000139e+00 2.383058000000000121e+00
1.000000000000000000e+00 1.000000000000000000e+00 2.429285999999999834e+00 2.383058999999999816e+00
1.000000000000000000e+00 1.000000000000000000e+00 2.429289999999999949e+00 2.383061999999999792e+00
1.000000000000000000e+00 1.000000000000000000e+00 2.429291999999999785e+00 2.383065000000000211e+00
1.000000000000000000e+00 1.000000000000000000e+00 2.429307999999999801e+00 2.383074000000000137e+00
1.000000000000000000e+00 1.000000000000000000e+00 2.429390000000000160e+00 2.383134999999999781e+00
1.000000000000000000e+00 1.000000000000000000e+00 2.429488000000000092e+00 2.383220999999999812e+00
1.000000000000000000e+00 1.000000000000000000e+00 2.429498000000000157e+00 2.383284000000000180e+00
1.000000000000000000e+00 1.000000000000000000e+00 2.429513000000000034e+00 2.383287999999999851e+00
1.000000000000000000e+00 1.000000000000000000e+00 2.429542999999999786e+00 2.383305000000000007e+00
1.000000000000000000e+00 1.000000000000000000e+00 2.429578999999999933e+00 2.383342999999999989e+00
1.000000000000000000e+00 1.000000000000000000e+00 2.429609000000000130e+00 2.383376000000000161e+00
1.000000000000000000e+00 1.000000000000000000e+00 2.429657999999999873e+00 2.383413000000000004e+00
1.000000000000000000e+00 1.000000000000000000e+00 2.429644999999999833e+00 2.383426000000000045e+00
1.000000000000000000e+00 1.000000000000000000e+00 2.429666000000000103e+00 2.383449000000000151e+00
1.000000000000000000e+00 1.000000000000000000e+00 2.429679000000000144e+00 2.383452999999999822e+00
1.000000000000000000e+00 1.000000000000000000e+00 2.429685000000000095e+00 2.383459000000000216e+00
1.000000000000000000e+00 1.000000000000000000e+00 2.429711999999999872e+00 2.383506000000000125e+00
1.000000000000000000e+00 1.000000000000000000e+00 2.429743000000000208e+00 2.383512000000000075e+00
1.000000000000000000e+00 1.000000000000000000e+00 2.429734999999999978e+00 2.383516000000000190e+00
1.000000000000000000e+00 1.000000000000000000e+00 2.429758999999999780e+00 2.383541000000000132e+00
1.000000000000000000e+00 1.000000000000000000e+00 2.429781999999999886e+00 2.383558999999999983e+00
1.000000000000000000e+00 1.000000000000000000e+00 2.429838999999999860e+00 2.383595000000000130e+00
1.000000000000000000e+00 1.000000000000000000e+00 2.429840000000000000e+00 2.383617000000000097e+00
1.000000000000000000e+00 1.000000000000000000e+00 2.429888000000000048e+00 2.383661000000000030e+00
1.000000000000000000e+00 1.000000000000000000e+00 2.429905999999999899e+00 2.383681999999999856e+00
1.000000000000000000e+00 1.000000000000000000e+00 2.429905999999999899e+00 2.383684000000000136e+00
1.000000000000000000e+00 1.000000000000000000e+00 2.429949000000000137e+00 2.383720999999999979e+00
1.000000000000000000e+00 1.000000000000000000e+00 2.429985999999999979e+00 2.383760999999999797e+00
1.000000000000000000e+00 1.000000000000000000e+00 2.430001999999999995e+00 2.383795999999999804e+00
1.000000000000000000e+00 1.000000000000000000e+00 2.430063999999999780e+00 2.383814999999999795e+00
1.000000000000000000e+00 1.000000000000000000e+00 2.430076000000000125e+00 2.383853000000000222e+00
1.000000000000000000e+00 1.000000000000000000e+00 2.430112999999999968e+00 2.383878000000000164e+00
1.000000000000000000e+00 1.000000000000000000e+00 2.430124000000000173e+00 2.383909000000000056e+00
1.000000000000000000e+00 1.000000000000000000e+00 2.430133999999999794e+00 2.383945999999999898e+00
1.000000000000000000e+00 1.000000000000000000e+00 2.430149000000000115e+00 2.383939999999999948e+00
1.000000000000000000e+00 1.000000000000000000e+00 2.430149000000000115e+00 2.383971999999999980e+00
1.000000000000000000e+00 1.000000000000000000e+00 2.430182999999999982e+00 2.383952999999999989e+00
1.000000000000000000e+00 1.000000000000000000e+00 2.430203000000000113e+00 2.383976999999999791e+00
1.000000000000000000e+00 1.000000000000000000e+00 2.430267999999999873e+00 2.384030000000000094e+00
1.000000000000000000e+00 1.000000000000000000e+00 2.430298000000000069e+00 2.384082999999999952e+00
1.000000000000000000e+00 1.000000000000000000e+00 2.430378999999999845e+00 2.384123000000000214e+00
1.000000000000000000e+00 1.000000000000000000e+00 2.430474999999999941e+00 2.384224999999999817e+00
1.000000000000000000e+00 1.000000000000000000e+00 2.430490999999999957e+00 2.384269999999999889e+00
1.000000000000000000e+00 1.000000000000000000e+00 2.430490999999999957e+00 2.384278000000000119e+00
1.000000000000000000e+00 1.000000000000000000e+00 2.430524000000000129e+00 2.384294999999999831e+00
1.000000000000000000e+00 1.000000000000000000e+00 2.430607000000000184e+00 2.384352999999999945e+00
1.000000000000000000e+00 1.000000000000000000e+00 2.430622000000000060e+00 2.384405000000000108e+00
1.000000000000000000e+00 1.000000000000000000e+00 2.430667000000000133e+00 2.384434000000000164e+00
1.000000000000000000e+00 1.000000000000000000e+00 2.430667999999999829e+00 2.384460999999999942e+00
1.000000000000000000e+00 1.000000000000000000e+00 2.430689999999999795e+00 2.384484000000000048e+00
1.000000000000000000e+00 1.000000000000000000e+00 2.430715000000000181e+00 2.384494999999999809e+00
1.000000000000000000e+00 1.000000000000000000e+00 2.430719999999999992e+00 2.384525000000000006e+00
1.000000000000000000e+00 1.000000000000000000e+00 2.430766999999999900e+00 2.384532999999999792e+00
1.000000000000000000e+00 1.000000000000000000e+00 2.430743999999999794e+00 2.384541000000000022e+00
1.000000000000000000e+00 1.000000000000000000e+00 2.430775000000000130e+00 2.384560000000000013e+00
1.000000000000000000e+00 1.000000000000000000e+00 2.430864999999999831e+00 2.384616999999999987e+00
1.000000000000000000e+00 1.000000000000000000e+00 2.430892000000000053e+00 2.384681000000000051e+00
1.000000000000000000e+00 1.000000000000000000e+00 2.430896000000000168e+00 2.384704000000000157e+00
1.000000000000000000e+00 1.000000000000000000e+00 2.430905999999999789e+00 2.384708999999999968e+00
1.000000000000000000e+00 1.000000000000000000e+00 2.430924999999999780e+00 2.384720999999999869e+00
1.000000000000000000e+00 1.000000000000000000e+00 2.430934000000000150e+00 2.384746999999999950e+00
1.000000000000000000e+00 1.000000000000000000e+00 2.430935999999999986e+00 2.384751000000000065e+00
1.000000000000000000e+00 1.000000000000000000e+00 2.430954999999999977e+00 2.384752999999999901e+00
1.000000000000000000e+00 1.000000000000000000e+00 2.430954999999999977e+00 2.384761999999999826e+00
1.000000000000000000e+00 1.000000000000000000e+00 2.431011999999999951e+00 2.384774999999999867e+00
1.000000000000000000e+00 1.000000000000000000e+00 2.430978000000000083e+00 2.384783000000000097e+00
1.000000000000000000e+00 1.000000000000000000e+00 2.430985999999999869e+00 2.384806000000000203e+00
1.000000000000000000e+00 1.000000000000000000e+00 2.430985999999999869e+00 2.384799999999999809e+00
1.000000000000000000e+00 1.000000000000000000e+00 2.431030999999999942e+00 2.384805000000000064e+00
1.000000000000000000e+00 1.000000000000000000e+00 2.431057000000000023e+00 2.384872000000000103e+00
1.000000000000000000e+00 1.000000000000000000e+00 2.431064000000000114e+00 2.384875000000000078e+00
1.000000000000000000e+00 1.000000000000000000e+00 2.431083000000000105e+00 2.384885000000000144e+00
1.000000000000000000e+00 1.000000000000000000e+00 2.431131000000000153e+00 2.384898999999999880e+00
1.000000000000000000e+00 1.000000000000000000e+00 2.431132999999999988e+00 2.384924999999999962e+00
1.000000000000000000e+00 1.000000000000000000e+00 2.431208999999999953e+00 2.384970000000000034e+00
1.000000000000000000e+00 1.000000000000000000e+00 2.431338999999999917e+00 2.385075000000000056e+00
1.000000000000000000e+00 1.000000000000000000e+00 2.431483000000000061e+00 2.385231999999999797e+00
1.000000000000000000e+00 1.000000000000000000e+00 2.536341000000000179e+00 2.502035999999999927e+00
1.000000000000000000e+00 1.000000000000000000e+00 2.536322999999999883e+00 2.502016999999999936e+00
1.000000000000000000e+00 1.000000000000000000e+00 2.536322000000000187e+00 2.502002000000000059e+00
1.000000000000000000e+00 1.000000000000000000e+00 2.536316999999999933e+00 2.502003000000000199e+00
1.000000000000000000e+00 1.000000000000000000e+00 2.536299000000000081e+00 2.501999000000000084e+00
1.000000000000000000e+00 1.000000000000000000e+00 2.536274999999999835e+00 2.501989000000000019e+00
1.000000000000000000e+00 1.000000000000000000e+00 2.536236000000000157e+00 2.501936000000000160e+00
1.000000000000000000e+00 1.000000000000000000e+00 2.536217999999999861e+00 2.501917999999999864e+00
1.000000000000000000e+00 1.000000000000000000e+00 2.536178000000000043e+00 2.501892999999999923e+00
1.000000000000000000e+00 1.000000000000000000e+00 2.536167999999999978e+00 2.501857999999999915e+00
1.000000000000000000e+00 1.000000000000000000e+00 2.536166999999999838e+00 2.501853000000000105e+00
1.000000000000000000e+00 1.000000000000000000e+00 2.536150999999999822e+00 2.501848999999999990e+00
1.000000000000000000e+00 1.000000000000000000e+00 2.536138999999999921e+00 2.501828999999999859e+00
1.000000000000000000e+00 1.000000000000000000e+00 2.536108000000000029e+00 2.501815000000000122e+00
1.000000000000000000e+00 1.000000000000000000e+00 2.536087000000000202e+00 2.501764999999999795e+00
1.000000000000000000e+00 1.000000000000000000e+00 2.536055999999999866e+00 2.501765999999999934e+00
1.000000000000000000e+00 1.000000000000000000e+00 2.536055999999999866e+00 2.501757000000000009e+00
1.000000000000000000e+00 1.000000000000000000e+00 2.536027999999999949e+00 2.501726000000000116e+00
1.000000000000000000e+00 1.000000000000000000e+00 2.536020999999999859e+00 2.501717000000000191e+00
1.000000000000000000e+00 1.000000000000000000e+00 2.535998999999999892e+00 2.501710000000000100e+00
1.000000000000000000e+00 1.000000000000000000e+00 2.535966000000000165e+00 2.501673999999999953e+00
1.000000000000000000e+00 1.000000000000000000e+00 2.535953000000000124e+00 2.501650000000000151e+00
1.000000000000000000e+00 1.000000000000000000e+00 2.535916999999999977e+00 2.501625000000000210e+00
1.000000000000000000e+00 1.000000000000000000e+00 2.535902999999999796e+00 2.501606000000000218e+00
1.000000000000000000e+00 1.000000000000000000e+00 2.535849999999999937e+00 2.501562999999999981e+00
1.000000000000000000e+00 1.000000000000000000e+00 2.535848000000000102e+00 2.501545000000000130e+00
1.000000000000000000e+00 1.000000000000000000e+00 2.535820000000000185e+00 2.501527999999999974e+00
1.000000000000000000e+00 1.000000000000000000e+00 2.535817000000000210e+00 2.501517000000000213e+00
1.000000000000000000e+00 1.000000000000000000e+00 2.535772999999999833e+00 2.501475999999999811e+00
1.000000000000000000e+00 1.000000000000000000e+00 2.535759000000000096e+00 2.501463000000000214e+00
1.000000000000000000e+00 1.000000000000000000e+00 2.535715000000000163e+00 2.501414000000000026e+00
1.000000000000000000e+00 1.000000000000000000e+00 2.535702000000000123e+00 2.501393000000000200e+00
1.000000000000000000e+00 1.000000000000000000e+00 2.535667999999999811e+00 2.501379000000000019e+00
1.000000000000000000e+00 1.000000000000000000e+00 2.535654000000000075e+00 2.501346999999999987e+00
1.000000000000000000e+00 1.000000000000000000e+00 2.535622000000000043e+00 2.501326000000000160e+00
1.000000000000000000e+00 1.000000000000000000e+00 2.535543000000000102e+00 2.501278000000000112e+00
1.000000000000000000e+00 1.000000000000000000e+00 2.535524000000000111e+00 2.501212000000000213e+00
1.000000000000000000e+00 1.000000000000000000e+00 2.535502000000000145e+00 2.501186999999999827e+00
1.000000000000000000e+00 1.000000000000000000e+00 2.535483000000000153e+00 2.501177000000000206e+00
1.000000000000000000e+00 1.000000000000000000e+00 2.535480000000000178e+00 2.501139999999999919e+00
1.000000000000000000e+00 1.000000000000000000e+00 2.535471999999999948e+00 2.501142999999999894e+00
1.000000000000000000e+00 1.000000000000000000e+00 2.535454000000000097e+00 2.501148000000000149e+00
1.000000000000000000e+00 1.000000000000000000e+00 2.535445000000000171e+00 2.501142000000000198e+00
1.000000000000000000e+00 1.000000000000000000e+00 2.535445000000000171e+00 2.501139999999999919e+00
1.000000000000000000e+00 1.000000000000000000e+00 2.535426999999999875e+00 2.501119999999999788e+00
1.000000000000000000e+00 1.000000000000000000e+00 2.535426999999999875e+00 2.501094000000000150e+00
1.000000000000000000e+00 1.000000000000000000e+00 2.535400000000000098e+00 2.501100000000000101e+00
1.000000000000000000e+00 1.000000000000000000e+00 2.535390000000000033e+00 2.501056999999999864e+00
1.000000000000000000e+00 1.000000000000000000e+00 2.535363999999999951e+00 2.501059999999999839e+00
1.000000000000000000e+00 1.000000000000000000e+00 2.535334000000000199e+00 2.501033000000000062e+00
1.000000000000000000e+00 1.000000000000000000e+00 2.535267999999999855e+00 2.500992999999999800e+00
1.000000000000000000e+00 1.000000000000000000e+00 2.535264999999999880e+00 2.500951000000000146e+00
1.000000000000000000e+00 1.000000000000000000e+00 2.535238999999999798e+00 2.500938000000000105e+00
1.000000000000000000e+00 1.000000000000000000e+00 2.535238000000000103e+00 2.500925000000000065e+00
1.000000000000000000e+00 1.000000000000000000e+00 2.535232999999999848e+00 2.500907000000000213e+00
1.000000000000000000e+00 1.000000000000000000e+00 2.535229999999999873e+00 2.500906000000000073e+00
1.000000000000000000e+00 1.000000000000000000e+00 2.535200999999999816e+00 2.500901999999999958e+00
1.000000000000000000e+00 1.000000000000000000e+00 2.535191000000000194e+00 2.500881000000000132e+00
1.000000000000000000e+00 1.000000000000000000e+00 2.535179999999999989e+00 2.500866999999999951e+00
1.000000000000000000e+00 1.000000000000000000e+00 2.535175999999999874e+00 2.500866999999999951e+00
1.000000000000000000e+00 1.000000000000000000e+00 2.535172999999999899e+00 2.500849999999999795e+00
1.000000000000000000e+00 1.000000000000000000e+00 2.535171000000000063e+00 2.500842000000000009e+00
1.000000000000000000e+00 1.000000000000000000e+00 2.535143000000000146e+00 2.500843000000000149e+00
1.000000000000000000e+00 1.000000000000000000e+00 2.535066000000000042e+00 2.500790999999999986e+00
1.000000000000000000e+00 1.000000000000000000e+00 2.535080999999999918e+00 2.500789000000000151e+00
1.000000000000000000e+00 1.000000000000000000e+00 2.535060999999999787e+00 2.500728000000000062e+00
1.000000000000000000e+00 1.000000000000000000e+00 2.535038999999999820e+00 2.500732999999999873e+00
1.000000000000000000e+00 1.000000000000000000e+00 2.535009000000000068e+00 2.500713999999999881e+00
1.000000000000000000e+00 1.000000000000000000e+00 2.534926000000000013e+00 2.500646999999999842e+00
1.000000000000000000e+00 1.000000000000000000e+00 2.534883999999999915e+00 2.500579999999999803e+00
1.000000000000000000e+00 1.000000000000000000e+00 2.534873000000000154e+00 2.500561999999999951e+00
1.000000000000000000e+00 1.000000000000000000e+00 2.534844999999999793e+00 2.500538999999999845e+00
1.000000000000000000e+00 1.000000000000000000e+00 2.534851000000000187e+00 2.500538000000000149e+00
1.000000000000000000e+00 1.000000000000000000e+00 2.534810999999999925e+00 2.500510999999999928e+00
1.000000000000000000e+00 1.000000000000000000e+00 2.534781999999999869e+00 2.500484000000000151e+00
1.000000000000000000e+00 1.000000000000000000e+00 2.534774000000000083e+00 2.500459000000000209e+00
1.000000000000000000e+00 1.000000000000000000e+00 2.534753999999999952e+00 2.500450999999999979e+00
1.000000000000000000e+00 1.000000000000000000e+00 2.534730999999999845e+00 2.500430999999999848e+00
1.000000000000000000e+00 1.000000000000000000e+00 2.534724000000000199e+00 2.500398000000000120e+00
1.000000000000000000e+00 1.000000000000000000e+00 2.534717999999999805e+00 2.500392000000000170e+00
1.000000000000000000e+00 1.000000000000000000e+00 2.534714999999999829e+00 2.500385000000000080e+00
1.000000000000000000e+00 1.000000000000000000e+00 2.534704000000000068e+00 2.500385000000000080e+00
1.000000000000000000e+00 1.000000000000000000e+00 2.534656000000000020e+00 2.500366000000000088e+00
1.000000000000000000e+00 1.000000000000000000e+00 2.534578999999999915e+00 2.500299000000000049e+00
1.000000000000000000e+00 1.000000000000000000e+00 2.534553999999999974e+00 2.500208000000000208e+00
1.000000000000000000e+00 1.000000000000000000e+00 2.534502999999999950e+00 2.500214000000000159e+00
1.000000000000000000e+00 1.000000000000000000e+00 2.534504999999999786e+00 2.500202999999999953e+00
1.000000000000000000e+00 1.000000000000000000e+00 2.534491000000000049e+00 2.500147999999999815e+00
1.000000000000000000e+00 1.000000000000000000e+00 2.534478000000000009e+00 2.500153000000000070e+00
1.000000000000000000e+00 1.000000000000000000e+00 2.534429999999999961e+00 2.500140000000000029e+00
1.000000000000000000e+00 1.000000000000000000e+00 2.534461999999999993e+00 2.500135000000000218e+00
1.000000000000000000e+00 1.000000000000000000e+00 2.534428000000000125e+00 2.500129999999999963e+00
1.000000000000000000e+00 1.000000000000000000e+00 2.534424000000000010e+00 2.500106999999999857e+00
1.000000000000000000e+00 1.000000000000000000e+00 2.534409000000000134e+00 2.500081999999999915e+00
1.000000000000000000e+00 1.000000000000000000e+00 2.534390999999999838e+00 2.500081000000000220e+00
1.000000000000000000e+00 1.000000000000000000e+00 2.534383000000000052e+00 2.500064000000000064e+00
1.000000000000000000e+00 1.000000000000000000e+00 2.534352999999999856e+00 2.500052000000000163e+00
1.000000000000000000e+00 1.000000000000000000e+00 2.534356999999999971e+00 2.500042000000000098e+00
1.000000000000000000e+00 1.000000000000000000e+00 2.534352999999999856e+00 2.500035000000000007e+00
1.000000000000000000e+00 1.000000000000000000e+00 2.534317000000000153e+00 2.500011999999999901e+00
